116.55517831,39.78637287,0,308.55680000,0.00000000,4,17,07/14 02:31:16
116.55517825,39.78637295,0,308.78020000,0.00000000,4,18,07/14 02:31:25
116.55517822,39.78637286,0,308.63180000,0.00000000,4,17,07/14 02:31:29
116.55517826,39.78637295,0,308.65920000,0.00000000,4,19,07/14 02:31:45
116.55517819,39.78637286,0,308.58670000,0.00000000,4,18,07/14 02:31:57
116.55517823,39.78637295,0,308.51760000,0.00000000,4,20,07/14 02:32:04
116.55517824,39.78637286,0,308.69290000,0.00000000,4,17,07/14 02:32:11
116.55517819,39.78637294,0,308.68460000,0.00000000,4,19,07/14 02:32:14
116.55517821,39.78637285,0,308.55410000,0.00000000,4,18,07/14 02:32:20
116.55517828,39.78637292,0,308.49690000,0.00000000,4,18,07/14 02:32:51
116.55517823,39.78637282,0,308.62240000,0.00000000,4,16,07/14 02:32:58
116.55517832,39.78637290,0,308.28350000,0.00000000,4,18,07/14 02:33:20
116.55517824,39.78637283,0,308.34680000,0.00000000,4,17,07/14 02:33:22
116.55517823,39.78637293,0,308.42690000,0.00000000,4,18,07/14 02:33:24
116.55517819,39.78637284,0,308.51900000,0.00000000,4,18,07/14 02:33:32
116.55517830,39.78637287,0,308.47830000,0.00000000,4,17,07/14 02:33:58
116.55517820,39.78637281,0,308.53100000,0.00000000,4,16,07/14 02:34:03
116.55517824,39.78637289,0,308.35350000,0.00000000,4,17,07/14 02:34:05
116.55517822,39.78637280,0,308.41980000,0.00000000,4,18,07/14 02:34:17
116.55517829,39.78637288,0,308.26530000,0.00000000,4,19,07/14 02:34:24
116.55517819,39.78637282,0,308.32160000,0.00000000,4,18,07/14 02:34:24
116.55517831,39.78637284,0,308.40620000,0.00000000,4,18,07/14 02:34:47
116.55517819,39.78637285,0,308.46340000,0.00000000,4,17,07/14 02:34:49
116.55517832,39.78637285,0,308.21970000,0.00000000,4,19,07/14 02:34:51
116.55517821,39.78637281,0,308.56250000,0.00000000,4,18,07/14 02:35:00
116.55517830,39.78637287,0,308.54520000,0.00000000,4,19,07/14 02:35:07
116.55517822,39.78637280,0,308.71020000,0.00000000,4,18,07/14 02:35:11
116.55517813,39.78637285,0,308.46510000,0.00000000,4,15,07/14 02:35:22
116.55517821,39.78637279,0,308.66840000,0.00000000,4,16,07/14 02:35:25
116.55517820,39.78637288,0,308.46620000,0.00000000,4,18,07/14 02:35:35
116.55517828,39.78637281,0,308.48190000,0.00000000,4,19,07/14 02:35:38
116.55517815,39.78637275,0,308.64280000,0.00000000,4,17,07/14 02:35:44
116.55517820,39.78637286,0,308.63320000,0.00000000,4,17,07/14 02:35:50
116.55517819,39.78637276,0,308.60800000,0.00000000,4,17,07/14 02:35:52
116.55517828,39.78637282,0,308.54240000,0.00000000,4,17,07/14 02:36:01
116.55517822,39.78637272,0,308.57970000,0.00000000,4,18,07/14 02:36:05
116.55517827,39.78637284,0,308.50940000,0.00000000,4,18,07/14 02:36:07
116.55517824,39.78637275,0,308.63560000,0.00000000,4,18,07/14 02:36:12
116.55517828,39.78637284,0,308.66490000,0.00000000,4,18,07/14 02:36:24
116.55517824,39.78637274,0,308.67980000,0.00000000,4,19,07/14 02:36:26
116.55517831,39.78637281,0,308.41530000,0.00000000,4,17,07/14 02:36:58
116.55517824,39.78637274,0,308.40570000,0.00000000,4,18,07/14 02:37:11
116.55517832,39.78637282,0,308.40290000,0.00000000,4,18,07/14 02:37:24
116.55517820,39.78637277,0,308.51000000,0.00000000,4,17,07/14 02:37:29
116.55517831,39.78637282,0,308.62030000,0.00000000,4,19,07/14 02:38:13
116.55517821,39.78637276,0,308.56990000,0.00000000,4,17,07/14 02:38:29
116.55517829,39.78637282,0,308.56620000,0.00000000,4,19,07/14 02:38:35
116.55517817,39.78637276,0,308.79640000,0.00000000,4,18,07/14 02:38:59
116.55517828,39.78637281,0,308.55910000,0.00000000,4,19,07/14 02:39:01
116.55517819,39.78637274,0,308.59860000,0.00000000,4,17,07/14 02:39:10
116.55517829,39.78637280,0,308.54940000,0.00000000,4,19,07/14 02:39:18
116.55517841,39.78637284,0,308.50600000,0.00000000,4,19,07/14 02:41:05
116.55517833,39.78637276,0,308.67060000,0.00000000,4,19,07/14 02:41:06
116.55517821,39.78637273,0,308.57950000,0.00000000,4,18,07/14 02:41:45
116.55517834,39.78637280,0,308.67830000,0.00000000,4,19,07/14 02:41:48
116.55517829,39.78637270,0,308.80240000,0.00000000,4,17,07/14 02:42:13
116.55517838,39.78637276,0,308.57370000,0.00000000,4,18,07/14 02:42:14
116.55517826,39.78637274,0,308.65010000,0.00000000,4,18,07/14 02:42:29
116.55517836,39.78637280,0,308.61300000,0.00000000,4,19,07/14 02:42:30
116.55517826,39.78637273,0,308.46010000,0.00000000,4,18,07/14 02:42:38
116.55517835,39.78637280,0,308.35430000,0.00000000,4,17,07/14 02:42:40
116.55517824,39.78637272,0,308.66660000,0.00000000,4,16,07/14 02:42:40
116.55517834,39.78637282,0,308.45730000,0.00000000,4,17,07/14 02:42:42
116.55517827,39.78637274,0,308.37860000,0.00000000,4,18,07/14 02:42:57
116.55517842,39.78637285,0,308.59400000,0.00000000,4,20,07/14 02:42:59
116.55517826,39.78637274,0,308.68560000,0.00000000,4,17,07/14 02:43:16
116.55517835,39.78637286,0,308.51030000,0.00000000,4,19,07/14 02:43:18
116.55517826,39.78637280,0,308.86140000,0.00000000,4,18,07/14 02:43:51
116.55517837,39.78637282,0,308.41200000,0.00000000,4,19,07/14 02:43:54
116.55517827,39.78637277,0,308.45920000,0.00000000,4,18,07/14 02:43:54
116.55517839,39.78637287,0,308.65010000,0.00000000,4,18,07/14 02:43:56
116.55517834,39.78637278,0,308.71560000,0.00000000,4,18,07/14 02:44:09
116.55517842,39.78637287,0,308.45910000,0.00000000,4,20,07/14 02:44:18
116.55517835,39.78637280,0,308.53380000,0.00000000,4,18,07/14 02:44:28
116.55517832,39.78637289,0,308.52110000,0.00000000,4,20,07/14 02:45:27
116.55517825,39.78637282,0,308.59410000,0.00000000,4,18,07/14 02:45:30
116.55517834,39.78637287,0,308.51210000,0.00000000,4,19,07/14 02:45:54
116.55517823,39.78637283,0,308.73880000,0.00000000,4,19,07/14 02:46:04
116.55517834,39.78637287,0,308.40020000,0.00000000,4,19,07/14 02:46:17
116.55517822,39.78637286,0,308.71110000,0.00000000,4,19,07/14 02:47:02
116.55517834,39.78637288,0,308.69660000,0.00000000,4,18,07/14 02:47:23
116.55517822,39.78637287,0,308.62710000,0.00000000,4,19,07/14 02:47:35
116.55517830,39.78637294,0,308.57340000,0.00000000,4,19,07/14 02:48:06
116.55517835,39.78637285,0,308.59840000,0.00000000,4,18,07/14 02:48:12
116.55517835,39.78637294,0,308.54860000,0.00000000,4,19,07/14 02:48:27
116.55517833,39.78637285,0,308.62490000,0.00000000,4,18,07/14 02:48:33
116.55517821,39.78637281,0,308.59370000,0.00000000,4,19,07/14 02:49:15
116.55517832,39.78637288,0,308.60390000,0.00000000,4,18,07/14 02:49:16
116.55517843,39.78637286,0,308.57330000,0.00000000,4,18,07/14 02:49:47
116.55517838,39.78637294,0,308.66850000,0.00000000,4,19,07/14 02:50:02
116.55517835,39.78637282,0,308.61210000,0.00000000,4,20,07/14 02:50:07
116.55517842,39.78637289,0,308.41960000,0.00000000,4,19,07/14 02:50:12
116.55517831,39.78637281,0,308.48810000,0.00000000,4,17,07/14 02:50:12
116.55517839,39.78637288,0,308.42610000,0.00000000,4,19,07/14 02:50:16
116.55517827,39.78637286,0,308.52730000,0.00000000,4,18,07/14 02:50:39
116.55517838,39.78637289,0,308.54460000,0.00000000,4,19,07/14 02:50:42
116.55517832,39.78637281,0,308.54680000,0.00000000,4,17,07/14 02:50:57
116.55517839,39.78637292,0,308.47490000,0.00000000,4,18,07/14 02:50:58
116.55517833,39.78637282,0,308.56000000,0.00000000,4,18,07/14 02:51:07
116.55517839,39.78637290,0,308.49600000,0.00000000,4,19,07/14 02:51:08
116.55517823,39.78637281,0,308.46830000,0.00000000,4,18,07/14 02:51:21
116.55517834,39.78637287,0,308.46880000,0.00000000,4,18,07/14 02:51:24
116.55517834,39.78637296,0,308.36580000,0.00000000,4,15,07/14 02:51:28
116.55517846,39.78637291,0,308.35050000,0.00000000,4,16,07/14 02:51:31
116.55517834,39.78637286,0,308.53050000,0.00000000,4,17,07/14 02:51:33
116.55517838,39.78637295,0,308.47190000,0.00000000,4,18,07/14 02:51:38
116.55517830,39.78637287,0,308.62190000,0.00000000,4,18,07/14 02:51:40
116.55517840,39.78637291,0,308.46850000,0.00000000,4,18,07/14 02:51:44
116.55517837,39.78637281,0,308.51700000,0.00000000,4,18,07/14 02:51:57
116.55517841,39.78637290,0,308.44480000,0.00000000,4,18,07/14 02:51:59
116.55517840,39.78637300,0,308.45460000,0.00000000,4,17,07/14 02:52:02
116.55517841,39.78637290,0,308.51750000,0.00000000,4,19,07/14 02:52:04
116.55517828,39.78637282,0,308.58830000,0.00000000,4,18,07/14 02:52:12
116.55517839,39.78637290,0,308.47640000,0.00000000,4,19,07/14 02:52:14
116.55517843,39.78637281,0,308.60100000,0.00000000,4,18,07/14 02:52:54
116.55517835,39.78637288,0,308.66380000,0.00000000,4,18,07/14 02:52:55
116.55517841,39.78637280,0,308.58220000,0.00000000,4,19,07/14 02:53:16
116.55517842,39.78637290,0,308.62470000,0.00000000,4,18,07/14 02:53:19
116.55517840,39.78637281,0,308.53000000,0.00000000,4,19,07/14 02:53:24
116.55517836,39.78637290,0,308.63790000,0.00000000,4,18,07/14 02:53:27
116.55517842,39.78637282,0,308.56360000,0.00000000,4,19,07/14 02:53:34
116.55517829,39.78637275,0,308.33490000,0.00000000,4,18,07/14 02:53:35
116.55517840,39.78637286,0,308.52100000,0.00000000,4,19,07/14 02:53:37
116.55517833,39.78637279,0,308.42710000,0.00000000,4,17,07/14 02:53:47
116.55517841,39.78637286,0,308.50850000,0.00000000,4,18,07/14 02:53:51
116.55517830,39.78637282,0,308.45940000,0.00000000,4,17,07/14 02:54:21
116.55517842,39.78637279,0,308.46960000,0.00000000,4,18,07/14 02:54:22
116.55517841,39.78637289,0,308.47580000,0.00000000,4,19,07/14 02:54:24
116.55517841,39.78637279,0,308.43150000,0.00000000,4,18,07/14 02:54:28
116.55517839,39.78637288,0,308.43760000,0.00000000,4,17,07/14 02:54:29
116.55517841,39.78637278,0,308.57710000,0.00000000,4,19,07/14 02:54:31
116.55517838,39.78637289,0,308.51760000,0.00000000,4,19,07/14 02:54:35
116.55517837,39.78637279,0,308.51950000,0.00000000,4,19,07/14 02:54:39
116.55517826,39.78637276,0,308.51340000,0.00000000,4,17,07/14 02:54:43
116.55517834,39.78637283,0,308.49110000,0.00000000,4,19,07/14 02:54:45
116.55517825,39.78637276,0,308.45970000,0.00000000,4,18,07/14 02:54:51
116.55517836,39.78637285,0,308.59440000,0.00000000,4,19,07/14 02:54:53
116.55517825,39.78637280,0,308.58400000,0.00000000,4,17,07/14 02:55:07
116.55517836,39.78637285,0,308.59100000,0.00000000,4,18,07/14 02:55:12
116.55517822,39.78637273,0,308.37620000,0.00000000,4,18,07/14 02:55:16
116.55517834,39.78637280,0,308.50360000,0.00000000,4,18,07/14 02:55:18
116.55517824,39.78637275,0,308.52250000,0.00000000,4,18,07/14 02:55:25
116.55517835,39.78637279,0,308.53010000,0.00000000,4,19,07/14 02:55:26
116.55517823,39.78637276,0,308.47760000,0.00000000,4,17,07/14 02:55:30
116.55517836,39.78637281,0,308.55430000,0.00000000,4,19,07/14 02:55:31
116.55517825,39.78637277,0,308.38320000,0.00000000,4,18,07/14 02:55:34
116.55517833,39.78637286,0,308.40590000,0.00000000,4,19,07/14 02:55:35
116.55517822,39.78637272,0,308.52800000,0.00000000,4,17,07/14 02:55:36
116.55517831,39.78637281,0,308.52750000,0.00000000,4,19,07/14 02:55:38
116.55517825,39.78637273,0,308.58180000,0.00000000,4,18,07/14 02:55:41
116.55517833,39.78637282,0,308.43560000,0.00000000,4,19,07/14 02:55:43
116.55517819,39.78637275,0,308.47190000,0.00000000,4,18,07/14 02:55:45
116.55517833,39.78637283,0,308.45400000,0.00000000,4,18,07/14 02:55:46
116.55517822,39.78637277,0,308.38380000,0.00000000,4,18,07/14 02:55:49
116.55517829,39.78637285,0,308.35540000,0.00000000,4,18,07/14 02:55:52
116.55517821,39.78637275,0,308.48550000,0.00000000,4,18,07/14 02:55:54
116.55517839,39.78637283,0,308.37270000,0.00000000,4,19,07/14 02:55:57
116.55517828,39.78637278,0,308.49210000,0.00000000,4,18,07/14 02:55:59
116.55517838,39.78637283,0,308.46170000,0.00000000,4,19,07/14 02:56:00
116.55517826,39.78637279,0,308.46370000,0.00000000,4,18,07/14 02:56:00
116.55517839,39.78637282,0,308.43980000,0.00000000,4,19,07/14 02:56:07
116.55517830,39.78637276,0,308.43600000,0.00000000,4,18,07/14 02:56:09
116.55517835,39.78637285,0,308.36490000,0.00000000,4,19,07/14 02:56:15
116.55517827,39.78637278,0,308.37660000,0.00000000,4,18,07/14 02:56:18
116.55517837,39.78637282,0,308.38120000,0.00000000,4,19,07/14 02:56:26
116.55517828,39.78637277,0,308.45960000,0.00000000,4,17,07/14 02:56:28
116.55517834,39.78637285,0,308.35860000,0.00000000,4,19,07/14 02:56:36
116.55517826,39.78637278,0,308.39540000,0.00000000,4,18,07/14 02:56:39
116.55517819,39.78637271,0,308.33220000,0.00000000,4,17,07/14 02:56:42
116.55517830,39.78637280,0,308.41670000,0.00000000,4,18,07/14 02:56:45
116.55517824,39.78637272,0,308.61210000,0.00000000,4,16,07/14 02:57:17
116.55517829,39.78637281,0,308.46170000,0.00000000,4,19,07/14 02:57:24
116.55517820,39.78637275,0,308.53970000,0.00000000,4,18,07/14 02:57:25
116.55517832,39.78637280,0,308.56880000,0.00000000,4,19,07/14 02:57:33
116.55517822,39.78637275,0,308.47560000,0.00000000,4,17,07/14 02:57:39
116.55517834,39.78637278,0,308.55570000,0.00000000,4,19,07/14 02:57:40
116.55517823,39.78637275,0,308.55020000,0.00000000,4,18,07/14 02:57:41
116.55517835,39.78637280,0,308.46510000,0.00000000,4,18,07/14 02:57:48
116.55517824,39.78637278,0,308.52460000,0.00000000,4,18,07/14 02:57:51
116.55517835,39.78637274,0,308.62100000,0.00000000,4,18,07/14 02:58:01
116.55517824,39.78637281,0,308.49960000,0.00000000,4,16,07/14 02:58:12
116.55517818,39.78637272,0,308.47720000,0.00000000,4,17,07/14 02:58:52
116.55517833,39.78637283,0,308.46660000,0.00000000,4,18,07/14 02:58:55
116.55517825,39.78637277,0,308.68460000,0.00000000,4,17,07/14 02:58:57
116.55517837,39.78637276,0,308.56920000,0.00000000,4,18,07/14 02:59:19
116.55517825,39.78637274,0,308.51260000,0.00000000,4,17,07/14 02:59:31
116.55517831,39.78637282,0,308.65580000,0.00000000,4,17,07/14 02:59:35
116.55517828,39.78637273,0,308.57160000,0.00000000,4,18,07/14 02:59:38
116.55517830,39.78637282,0,308.66510000,0.00000000,4,17,07/14 02:59:40
116.55517828,39.78637271,0,308.39220000,0.00000000,4,17,07/14 02:59:45
116.55517831,39.78637281,0,308.47190000,0.00000000,4,19,07/14 02:59:52
116.55517825,39.78637273,0,308.47150000,0.00000000,4,18,07/14 02:59:53
116.55517837,39.78637279,0,308.54160000,0.00000000,4,19,07/14 02:59:54
116.55517828,39.78637273,0,308.62810000,0.00000000,4,18,07/14 02:59:55
116.55517836,39.78637281,0,308.54580000,0.00000000,4,19,07/14 02:59:57
116.55517828,39.78637274,0,308.59920000,0.00000000,4,18,07/14 02:59:59
116.55517838,39.78637280,0,308.51010000,0.00000000,4,17,07/14 03:00:02
116.55517825,39.78637278,0,308.61670000,0.00000000,4,17,07/14 03:00:04
116.55517838,39.78637280,0,308.59200000,0.00000000,4,19,07/14 03:00:06
116.55517825,39.78637277,0,308.55440000,0.00000000,4,17,07/14 03:00:12
116.55517837,39.78637276,0,308.53040000,0.00000000,4,18,07/14 03:00:20
116.55517825,39.78637275,0,308.46980000,0.00000000,4,18,07/14 03:00:25
116.55517833,39.78637282,0,308.48180000,0.00000000,4,19,07/14 03:00:28
116.55517826,39.78637275,0,308.71190000,0.00000000,4,17,07/14 03:00:31
116.55517816,39.78637269,0,308.54910000,0.00000000,4,18,07/14 03:00:33
116.55517833,39.78637280,0,308.62870000,0.00000000,4,19,07/14 03:00:33
116.55517825,39.78637271,0,308.55630000,0.00000000,4,18,07/14 03:00:33
116.55517833,39.78637281,0,308.51390000,0.00000000,4,19,07/14 03:00:36
116.55517823,39.78637273,0,308.72940000,0.00000000,4,18,07/14 03:00:36
116.55517834,39.78637277,0,308.56990000,0.00000000,4,19,07/14 03:00:42
116.55517824,39.78637271,0,308.45220000,0.00000000,4,18,07/14 03:00:42
116.55517833,39.78637279,0,308.55820000,0.00000000,4,19,07/14 03:00:46
116.55517820,39.78637268,0,308.59980000,0.00000000,4,17,07/14 03:00:48
116.55517830,39.78637276,0,308.49460000,0.00000000,4,18,07/14 03:00:53
116.55517824,39.78637267,0,308.51780000,0.00000000,4,17,07/14 03:00:54
116.55517836,39.78637273,0,308.57990000,0.00000000,4,18,07/14 03:00:58
116.55517819,39.78637277,0,308.46610000,0.00000000,4,18,07/14 03:01:00
116.55517831,39.78637277,0,308.57680000,0.00000000,4,19,07/14 03:01:01
116.55517819,39.78637270,0,308.48210000,0.00000000,4,18,07/14 03:01:08
116.55517832,39.78637278,0,308.60210000,0.00000000,4,19,07/14 03:01:09
116.55517821,39.78637271,0,308.60820000,0.00000000,4,18,07/14 03:01:14
116.55517830,39.78637278,0,308.59500000,0.00000000,4,19,07/14 03:01:15
116.55517821,39.78637263,0,308.54320000,0.00000000,4,16,07/14 03:01:21
116.55517823,39.78637272,0,308.61530000,0.00000000,4,18,07/14 03:01:22
116.55517831,39.78637280,0,308.60200000,0.00000000,4,19,07/14 03:01:25
116.55517820,39.78637275,0,308.57830000,0.00000000,4,18,07/14 03:01:26
116.55517832,39.78637273,0,308.55650000,0.00000000,4,19,07/14 03:01:31
116.55517837,39.78637283,0,308.38130000,0.00000000,4,19,07/14 03:01:33
116.55517826,39.78637273,0,308.45250000,0.00000000,4,18,07/14 03:01:33
116.55517825,39.78637263,0,308.66660000,0.00000000,4,18,07/14 03:01:35
116.55517831,39.78637274,0,308.53150000,0.00000000,4,19,07/14 03:01:36
116.55517820,39.78637269,0,308.46980000,0.00000000,4,19,07/14 03:01:48
116.55517832,39.78637278,0,308.57150000,0.00000000,4,20,07/14 03:01:49
116.55517830,39.78637269,0,308.47280000,0.00000000,4,18,07/14 03:02:26
116.55517831,39.78637279,0,308.59640000,0.00000000,4,19,07/14 03:02:28
116.55517821,39.78637270,0,308.58750000,0.00000000,4,19,07/14 03:02:32
116.55517829,39.78637278,0,308.65850000,0.00000000,4,20,07/14 03:02:33
116.55517840,39.78637281,0,308.50200000,0.00000000,4,20,07/14 03:02:48
116.55517824,39.78637277,0,308.55720000,0.00000000,4,19,07/14 03:02:51
116.55517834,39.78637282,0,308.66780000,0.00000000,4,20,07/14 03:02:55
116.55517833,39.78637272,0,308.60700000,0.00000000,4,19,07/14 03:02:57
116.55517829,39.78637281,0,308.47060000,0.00000000,4,19,07/14 03:03:01
116.55517825,39.78637273,0,308.52560000,0.00000000,4,18,07/14 03:03:02
116.55517835,39.78637279,0,308.69820000,0.00000000,4,19,07/14 03:03:04
116.55517826,39.78637273,0,308.42790000,0.00000000,4,19,07/14 03:03:17
116.55517836,39.78637279,0,308.58400000,0.00000000,4,18,07/14 03:03:22
116.55517828,39.78637272,0,308.58850000,0.00000000,4,18,07/14 03:03:25
116.55517827,39.78637281,0,308.64360000,0.00000000,4,18,07/14 03:03:43
116.55517824,39.78637272,0,308.64360000,0.00000000,4,19,07/14 03:03:46
116.55517830,39.78637280,0,308.69120000,0.00000000,4,19,07/14 03:03:48
116.55517822,39.78637272,0,308.57890000,0.00000000,4,19,07/14 03:03:54
116.55517821,39.78637283,0,308.71770000,0.00000000,4,19,07/14 03:03:59
116.55517816,39.78637273,0,308.60090000,0.00000000,4,19,07/14 03:04:01
116.55517824,39.78637280,0,308.63960000,0.00000000,4,18,07/14 03:04:04
116.55517833,39.78637274,0,308.62080000,0.00000000,4,20,07/14 03:04:16
116.55517834,39.78637284,0,308.57650000,0.00000000,4,19,07/14 03:04:19
116.55517826,39.78637276,0,308.74710000,0.00000000,4,18,07/14 03:04:21
116.55517837,39.78637279,0,308.64430000,0.00000000,4,20,07/14 03:04:25
116.55517828,39.78637274,0,308.61170000,0.00000000,4,18,07/14 03:04:33
116.55517833,39.78637282,0,308.52320000,0.00000000,4,20,07/14 03:04:34
116.55517833,39.78637271,0,308.45500000,0.00000000,4,17,07/14 03:04:44
116.55517839,39.78637279,0,308.46440000,0.00000000,4,18,07/14 03:04:47
116.55517834,39.78637270,0,308.42000000,0.00000000,4,17,07/14 03:06:07
116.55517842,39.78637278,0,308.29690000,0.00000000,4,19,07/14 03:06:10
116.55517834,39.78637271,0,308.40120000,0.00000000,4,19,07/14 03:06:19
116.55517842,39.78637279,0,308.36600000,0.00000000,4,20,07/14 03:06:21
116.55517832,39.78637273,0,308.55990000,0.00000000,4,19,07/14 03:06:24
116.55517840,39.78637280,0,308.41150000,0.00000000,4,20,07/14 03:06:34
116.55517830,39.78637273,0,308.35600000,0.00000000,4,19,07/14 03:06:36
116.55517838,39.78637280,0,308.47310000,0.00000000,4,20,07/14 03:06:40
116.55517830,39.78637273,0,308.52290000,0.00000000,4,19,07/14 03:06:45
116.55517841,39.78637277,0,308.43100000,0.00000000,4,19,07/14 03:06:57
116.55517831,39.78637271,0,308.43780000,0.00000000,4,18,07/14 03:06:59
116.55517832,39.78637280,0,308.44200000,0.00000000,4,18,07/14 03:07:07
116.55517838,39.78637271,0,308.47270000,0.00000000,4,17,07/14 03:08:08
116.55517833,39.78637280,0,308.50760000,0.00000000,4,18,07/14 03:08:17
116.55517843,39.78637273,0,308.37130000,0.00000000,4,18,07/14 03:08:25
116.55517830,39.78637270,0,308.52620000,0.00000000,4,18,07/14 03:08:30
116.55517839,39.78637276,0,308.54380000,0.00000000,4,18,07/14 03:08:32
116.55517832,39.78637268,0,308.62440000,0.00000000,4,18,07/14 03:08:36
116.55517837,39.78637277,0,308.63960000,0.00000000,4,18,07/14 03:08:37
116.55517835,39.78637268,0,308.72570000,0.00000000,4,17,07/14 03:08:54
116.55517833,39.78637278,0,308.60130000,0.00000000,4,18,07/14 03:08:55
116.55517845,39.78637274,0,308.53400000,0.00000000,4,17,07/14 03:09:26
116.55517833,39.78637273,0,308.50980000,0.00000000,4,19,07/14 03:09:27
116.55517832,39.78637282,0,308.56410000,0.00000000,4,18,07/14 03:10:34
116.55517837,39.78637273,0,308.52210000,0.00000000,4,18,07/14 03:10:36
116.55517829,39.78637280,0,308.51890000,0.00000000,4,18,07/14 03:10:39
116.55517836,39.78637272,0,308.77800000,0.00000000,4,17,07/14 03:10:53
116.55517832,39.78637282,0,308.46310000,0.00000000,4,18,07/14 03:10:59
116.55517824,39.78637275,0,308.51950000,0.00000000,4,17,07/14 03:11:00
116.55517833,39.78637281,0,308.48480000,0.00000000,4,19,07/14 03:11:06
116.55517835,39.78637272,0,308.73440000,0.00000000,4,18,07/14 03:11:19
116.55517837,39.78637281,0,308.59580000,0.00000000,4,18,07/14 03:11:25
116.55517825,39.78637278,0,308.56400000,0.00000000,4,19,07/14 03:11:36
116.55517836,39.78637281,0,308.67960000,0.00000000,4,19,07/14 03:11:44
116.55517835,39.78637272,0,308.65450000,0.00000000,4,17,07/14 03:11:49
116.55517830,39.78637281,0,308.58190000,0.00000000,4,18,07/14 03:11:51
116.55517836,39.78637273,0,308.66820000,0.00000000,4,17,07/14 03:11:52
116.55517830,39.78637280,0,308.58970000,0.00000000,4,18,07/14 03:11:54
116.55517837,39.78637273,0,308.73430000,0.00000000,4,17,07/14 03:12:04
116.55517831,39.78637283,0,308.45040000,0.00000000,4,19,07/14 03:12:05
116.55517838,39.78637275,0,308.78020000,0.00000000,4,17,07/14 03:12:07
116.55517832,39.78637286,0,308.61340000,0.00000000,4,18,07/14 03:12:16
116.55517839,39.78637278,0,308.57060000,0.00000000,4,17,07/14 03:12:16
116.55517828,39.78637281,0,308.57530000,0.00000000,4,19,07/14 03:12:19
116.55517839,39.78637277,0,308.49790000,0.00000000,4,18,07/14 03:12:22
116.55517827,39.78637278,0,308.67690000,0.00000000,4,18,07/14 03:12:30
116.55517830,39.78637266,0,308.50100000,0.00000000,4,17,07/14 03:12:53
116.55517831,39.78637276,0,308.46070000,0.00000000,4,18,07/14 03:12:57
116.55517832,39.78637285,0,308.64560000,0.00000000,4,17,07/14 03:14:12
116.55517830,39.78637275,0,308.57110000,0.00000000,4,18,07/14 03:14:12
116.55517839,39.78637269,0,308.42030000,0.00000000,4,17,07/14 03:15:31
116.55517834,39.78637277,0,308.40190000,0.00000000,4,18,07/14 03:15:33
116.55517845,39.78637273,0,308.28530000,0.00000000,4,18,07/14 03:15:53
116.55517834,39.78637277,0,308.52440000,0.00000000,4,18,07/14 03:15:54
116.55517844,39.78637271,0,308.50960000,0.00000000,4,18,07/14 03:16:03
116.55517837,39.78637278,0,308.60180000,0.00000000,4,18,07/14 03:16:08
116.55517848,39.78637274,0,308.19270000,0.00000000,4,17,07/14 03:16:20
116.55517837,39.78637276,0,308.35340000,0.00000000,4,15,07/14 03:16:22
116.55517847,39.78637272,0,308.14040000,0.00000000,4,14,07/14 03:16:22
116.55517830,39.78637276,0,308.19270000,0.00000000,4,14,07/14 03:16:23
116.55517845,39.78637273,0,308.09720000,0.00000000,4,14,07/14 03:16:23
116.55517836,39.78637279,0,308.38530000,0.00000000,4,14,07/14 03:16:23
116.55517840,39.78637290,0,308.26890000,0.00000000,4,14,07/14 03:16:24
116.55517844,39.78637279,0,308.35710000,0.00000000,4,13,07/14 03:16:24
116.55517868,39.78637250,0,308.61410000,0.00000000,4,11,07/14 03:16:24
116.55517850,39.78637264,0,309.00690000,0.00000000,4,11,07/14 03:16:24
116.55517863,39.78637263,0,308.54820000,0.00000000,4,11,07/14 03:16:25
116.55517849,39.78637260,0,308.49030000,0.00000000,4,10,07/14 03:16:25
116.55517839,39.78637268,0,308.75520000,0.00000000,4,10,07/14 03:16:25
116.55517825,39.78637264,0,308.87570000,0.00000000,4,17,07/14 03:16:26
116.55517834,39.78637276,0,309.30550000,0.00000000,4,18,07/14 03:16:28
116.55517830,39.78637285,0,308.43820000,0.00000000,4,17,07/14 03:17:04
116.55517837,39.78637274,0,308.81260000,0.00000000,4,18,07/14 03:17:04
116.55517825,39.78637272,0,308.77030000,0.00000000,4,15,07/14 03:17:08
116.55517832,39.78637281,0,308.51480000,0.00000000,4,15,07/14 03:17:09
116.55517828,39.78637272,0,308.71140000,0.00000000,4,14,07/14 03:17:11
116.55517830,39.78637262,0,308.82620000,0.00000000,4,16,07/14 03:17:14
116.55517833,39.78637273,0,308.61610000,0.00000000,4,15,07/14 03:17:15
116.55517831,39.78637264,0,308.81300000,0.00000000,4,15,07/14 03:17:22
116.55517831,39.78637273,0,308.66820000,0.00000000,4,16,07/14 03:17:34
116.55517827,39.78637263,0,308.80680000,0.00000000,4,18,07/14 03:17:35
116.55517829,39.78637272,0,308.61100000,0.00000000,4,16,07/14 03:17:37
116.55517833,39.78637263,0,308.72700000,0.00000000,4,15,07/14 03:17:41
116.55517838,39.78637272,0,308.97990000,0.00000000,4,17,07/14 03:17:44
116.55517827,39.78637268,0,308.76760000,0.00000000,4,16,07/14 03:17:49
116.55517839,39.78637272,0,308.65100000,0.00000000,4,16,07/14 03:17:54
116.55517829,39.78637266,0,308.92440000,0.00000000,4,15,07/14 03:17:55
116.55517834,39.78637276,0,308.80980000,0.00000000,4,17,07/14 03:18:02
116.55517825,39.78637270,0,308.71930000,0.00000000,4,14,07/14 03:18:07
116.55517831,39.78637278,0,308.69990000,0.00000000,4,16,07/14 03:18:10
116.55517827,39.78637269,0,308.88510000,0.00000000,4,16,07/14 03:18:12
116.55517815,39.78637268,0,308.75260000,0.00000000,4,16,07/14 03:18:12
116.55517827,39.78637270,0,308.73010000,0.00000000,4,17,07/14 03:18:15
116.55517834,39.78637278,0,308.65280000,0.00000000,4,17,07/14 03:18:26
116.55517833,39.78637268,0,308.94190000,0.00000000,4,17,07/14 03:18:27
116.55517822,39.78637264,0,308.98570000,0.00000000,4,17,07/14 03:18:27
116.55517827,39.78637272,0,308.74620000,0.00000000,4,16,07/14 03:18:33
116.55517825,39.78637263,0,308.85660000,0.00000000,4,15,07/14 03:18:34
116.55517827,39.78637273,0,308.61230000,0.00000000,4,16,07/14 03:18:39
116.55517828,39.78637264,0,308.73150000,0.00000000,4,17,07/14 03:18:40
116.55517831,39.78637275,0,308.66790000,0.00000000,4,17,07/14 03:18:42
116.55517846,39.78637275,0,308.60110000,0.00000000,4,18,07/14 03:18:52
116.55517834,39.78637271,0,308.71120000,0.00000000,4,17,07/14 03:18:52
116.55517819,39.78637252,0,309.83670000,0.00000000,4,17,07/14 03:18:53
116.55517796,39.78637250,0,311.01720000,0.00000000,4,17,07/14 03:18:54
116.55517811,39.78637250,0,310.38850000,0.00000000,4,14,07/14 03:18:55
116.55517799,39.78637248,0,310.62440000,0.00000000,4,14,07/14 03:18:55
116.55517810,39.78637250,0,310.45160000,0.00000000,4,14,07/14 03:18:55
116.55517818,39.78637258,0,310.34600000,0.00000000,4,14,07/14 03:18:56
116.55517807,39.78637251,0,310.42990000,0.00000000,4,14,07/14 03:18:56
116.55517813,39.78637260,0,310.82350000,0.00000000,4,17,07/14 03:18:56
116.55517803,39.78637253,0,310.86670000,0.00000000,4,16,07/14 03:18:57
116.55517816,39.78637272,0,310.59270000,0.00000000,4,16,07/14 03:19:00
116.55517816,39.78637263,0,309.89370000,0.00000000,4,15,07/14 03:19:00
116.55517828,39.78637261,0,309.74330000,0.00000000,4,16,07/14 03:19:03
116.55517825,39.78637273,0,308.66230000,0.00000000,4,16,07/14 03:19:06
116.55517828,39.78637262,0,309.04710000,0.00000000,4,16,07/14 03:19:11
116.55517831,39.78637272,0,308.81670000,0.00000000,4,16,07/14 03:19:14
116.55517830,39.78637262,0,309.03440000,0.00000000,4,17,07/14 03:19:16
116.55517826,39.78637274,0,309.15520000,0.00000000,4,16,07/14 03:19:23
116.55517825,39.78637262,0,308.87070000,0.00000000,4,17,07/14 03:19:25
116.55517818,39.78637269,0,308.91770000,0.00000000,4,12,07/14 03:19:28
116.55517818,39.78637279,0,308.32620000,0.00000000,4,10,07/14 03:19:29
116.55517818,39.78637270,0,308.60590000,0.00000000,4,10,07/14 03:19:29
116.55517827,39.78637262,0,308.69370000,0.00000000,4,17,07/14 03:19:30
116.55517830,39.78637272,0,308.93270000,0.00000000,4,16,07/14 03:19:33
116.55517819,39.78637277,0,308.33040000,0.00000000,4,15,07/14 03:19:34
116.55517826,39.78637267,0,308.14230000,0.00000000,4,14,07/14 03:19:35
116.55517820,39.78637279,0,308.23310000,0.00000000,4,14,07/14 03:19:35
116.55517819,39.78637268,0,308.45580000,0.00000000,4,12,07/14 03:19:37
116.55517827,39.78637279,0,308.18000000,0.00000000,4,12,07/14 03:19:37
116.55517830,39.78637266,0,308.05100000,0.00000000,4,12,07/14 03:19:38
116.55517827,39.78637275,0,308.51580000,0.00000000,4,14,07/14 03:19:41
116.55517837,39.78637269,0,308.85440000,0.00000000,4,18,07/14 03:19:43
116.55517834,39.78637279,0,308.87520000,0.00000000,4,17,07/14 03:19:46
116.55517835,39.78637270,0,308.75530000,0.00000000,4,18,07/14 03:19:48
116.55517833,39.78637280,0,309.04380000,0.00000000,4,17,07/14 03:19:50
116.55517817,39.78637289,0,308.98950000,0.00000000,4,17,07/14 03:19:51
116.55517806,39.78637292,0,309.00880000,0.00000000,4,17,07/14 03:19:51
116.55517796,39.78637296,0,308.98800000,0.00000000,4,17,07/14 03:19:52
116.55517813,39.78637288,0,308.69570000,0.00000000,4,17,07/14 03:19:52
116.55517829,39.78637279,0,308.71510000,0.00000000,4,17,07/14 03:19:53
116.55517842,39.78637273,0,308.63440000,0.00000000,4,17,07/14 03:19:53
116.55517833,39.78637280,0,308.63830000,0.00000000,4,18,07/14 03:19:53
116.55517844,39.78637276,0,308.43870000,0.00000000,4,18,07/14 03:19:54
116.55517854,39.78637269,0,308.43970000,0.00000000,4,18,07/14 03:19:54
116.55517872,39.78637256,0,308.41090000,0.00000000,4,17,07/14 03:19:54
116.55517894,39.78637245,0,308.39010000,0.00000000,4,17,07/14 03:19:54
116.55517904,39.78637239,0,308.48430000,0.00000000,4,17,07/14 03:19:55
116.55517928,39.78637225,0,308.59220000,0.00000000,4,17,07/14 03:19:55
116.55517944,39.78637212,0,308.45310000,0.00000000,4,17,07/14 03:19:55
116.55517977,39.78637185,0,308.40600000,0.00000000,4,16,07/14 03:19:55
116.55517999,39.78637174,0,308.60960000,0.00000000,4,16,07/14 03:19:55
116.55518048,39.78637149,0,308.48530000,0.00000000,4,16,07/14 03:19:55
116.55518071,39.78637135,0,308.68140000,0.00000000,4,16,07/14 03:19:55
116.55518122,39.78637099,0,308.88150000,0.00000000,4,16,07/14 03:19:56
116.55518148,39.78637087,0,308.86740000,0.00000000,4,15,07/14 03:19:56
116.55518208,39.78637052,0,308.90800000,0.00000000,4,15,07/14 03:19:56
116.55518232,39.78637041,0,308.96880000,0.00000000,4,15,07/14 03:19:56
116.55518287,39.78636996,0,309.07180000,0.00000000,4,16,07/14 03:19:56
116.55518316,39.78636981,0,309.01850000,0.00000000,4,16,07/14 03:19:56
116.55518366,39.78636954,0,309.17380000,0.00000000,4,15,07/14 03:19:57
116.55518392,39.78636939,0,309.09830000,0.00000000,4,15,07/14 03:19:57
116.55518442,39.78636911,0,308.84600000,0.00000000,4,15,07/14 03:19:57
116.55518469,39.78636894,0,308.44750000,0.00000000,4,15,07/14 03:19:57
116.55518523,39.78636865,0,308.33060000,0.00000000,4,15,07/14 03:19:57
116.55518549,39.78636852,0,308.39740000,0.00000000,4,15,07/14 03:19:57
116.55518601,39.78636821,0,308.34550000,0.00000000,4,15,07/14 03:19:57
116.55518619,39.78636801,0,308.33640000,0.00000000,4,15,07/14 03:19:58
116.55518664,39.78636779,0,308.11260000,0.00000000,4,15,07/14 03:19:58
116.55518689,39.78636760,0,308.42800000,0.00000000,4,15,07/14 03:19:58
116.55518729,39.78636734,0,308.40290000,0.00000000,4,15,07/14 03:19:58
116.55518750,39.78636725,0,308.65330000,0.00000000,4,15,07/14 03:19:58
116.55518788,39.78636705,0,308.98980000,0.00000000,4,16,07/14 03:19:58
116.55518811,39.78636686,0,309.79690000,0.00000000,4,16,07/14 03:19:58
116.55518853,39.78636661,0,310.23740000,0.00000000,4,16,07/14 03:19:59
116.55518881,39.78636645,0,310.99510000,0.00000000,4,16,07/14 03:19:59
116.55518936,39.78636617,0,311.61070000,0.00000000,4,16,07/14 03:19:59
116.55518965,39.78636601,0,312.74560000,0.00000000,4,16,07/14 03:19:59
116.55519023,39.78636566,0,313.34200000,0.00000000,4,17,07/14 03:19:59
116.55519042,39.78636552,0,314.28020000,0.00000000,4,17,07/14 03:19:59
116.55519080,39.78636527,0,314.76350000,0.00000000,4,17,07/14 03:20:00
116.55519102,39.78636513,0,315.60200000,0.00000000,4,17,07/14 03:20:00
116.55519146,39.78636486,0,316.04970000,0.00000000,4,17,07/14 03:20:00
116.55519163,39.78636474,0,317.01570000,0.00000000,4,16,07/14 03:20:00
116.55519196,39.78636446,0,317.53530000,0.00000000,4,16,07/14 03:20:00
116.55519209,39.78636430,0,318.43240000,0.00000000,4,16,07/14 03:20:00
116.55519251,39.78636399,0,318.78410000,0.00000000,4,16,07/14 03:20:00
116.55519266,39.78636378,0,319.82220000,0.00000000,4,16,07/14 03:20:01
116.55519293,39.78636368,0,320.06280000,0.00000000,4,16,07/14 03:20:01
116.55519276,39.78636380,0,320.04730000,0.00000000,4,16,07/14 03:20:01
116.55519260,39.78636399,0,319.87340000,0.00000000,4,16,07/14 03:20:01
116.55519245,39.78636407,0,319.63670000,0.00000000,4,16,07/14 03:20:01
116.55519226,39.78636425,0,319.65050000,0.00000000,4,16,07/14 03:20:02
116.55519218,39.78636435,0,319.54900000,0.00000000,4,15,07/14 03:20:02
116.55519244,39.78636410,0,319.57730000,0.00000000,4,15,07/14 03:20:02
116.55519260,39.78636399,0,319.63540000,0.00000000,4,15,07/14 03:20:02
116.55519292,39.78636370,0,319.86900000,0.00000000,4,15,07/14 03:20:03
116.55519306,39.78636350,0,319.89290000,0.00000000,4,15,07/14 03:20:03
116.55519339,39.78636318,0,320.03140000,0.00000000,4,15,07/14 03:20:03
116.55519363,39.78636298,0,319.97970000,0.00000000,4,15,07/14 03:20:03
116.55519411,39.78636259,0,319.92180000,0.00000000,4,15,07/14 03:20:03
116.55519434,39.78636234,0,320.13670000,0.00000000,4,15,07/14 03:20:03
116.55519482,39.78636187,0,320.00110000,0.00000000,4,17,07/14 03:20:03
116.55519514,39.78636163,0,320.33570000,0.00000000,4,17,07/14 03:20:04
116.55519578,39.78636117,0,320.21950000,0.00000000,4,17,07/14 03:20:04
116.55519608,39.78636092,0,320.24260000,0.00000000,4,17,07/14 03:20:04
116.55519659,39.78636050,0,320.39460000,0.00000000,4,17,07/14 03:20:04
116.55519682,39.78636031,0,320.47960000,0.00000000,4,17,07/14 03:20:04
116.55519739,39.78635988,0,320.64940000,0.00000000,4,17,07/14 03:20:04
116.55519768,39.78635958,0,320.78430000,0.00000000,4,17,07/14 03:20:04
116.55519823,39.78635899,0,320.87650000,0.00000000,4,17,07/14 03:20:05
116.55519853,39.78635871,0,320.98760000,0.00000000,4,17,07/14 03:20:05
116.55519924,39.78635814,0,320.95170000,0.00000000,4,17,07/14 03:20:05
116.55519961,39.78635778,0,320.79440000,0.00000000,4,16,07/14 03:20:05
116.55520033,39.78635705,0,320.74540000,0.00000000,4,16,07/14 03:20:05
116.55520068,39.78635669,0,320.76160000,0.00000000,4,16,07/14 03:20:05
116.55520146,39.78635609,0,321.21040000,0.00000000,4,16,07/14 03:20:06
116.55520183,39.78635576,0,321.20830000,0.00000000,4,16,07/14 03:20:06
116.55520247,39.78635501,0,321.41220000,0.00000000,4,16,07/14 03:20:06
116.55520286,39.78635461,0,321.68590000,0.00000000,4,16,07/14 03:20:06
116.55520368,39.78635390,0,321.67300000,0.00000000,4,16,07/14 03:20:06
116.55520401,39.78635364,0,321.77280000,0.00000000,4,15,07/14 03:20:06
116.55520472,39.78635288,0,321.77920000,0.00000000,4,15,07/14 03:20:06
116.55520509,39.78635259,0,322.10700000,0.00000000,4,15,07/14 03:20:07
116.55520594,39.78635181,0,322.31420000,0.00000000,4,15,07/14 03:20:07
116.55520634,39.78635140,0,322.42210000,0.00000000,4,15,07/14 03:20:07
116.55520701,39.78635065,0,322.82640000,0.00000000,4,15,07/14 03:20:07
116.55520744,39.78635027,0,323.29880000,0.00000000,4,15,07/14 03:20:07
116.55520811,39.78634950,0,323.14980000,0.00000000,4,16,07/14 03:20:07
116.55520835,39.78634929,0,323.35130000,0.00000000,4,16,07/14 03:20:07
116.55520872,39.78634890,0,323.31000000,0.00000000,4,16,07/14 03:20:08
116.55520889,39.78634871,0,323.49690000,0.00000000,4,16,07/14 03:20:08
116.55520911,39.78634851,0,323.72640000,0.00000000,4,16,07/14 03:20:08
116.55520898,39.78634864,0,323.56200000,0.00000000,4,16,07/14 03:20:08
116.55520888,39.78634874,0,323.49670000,0.00000000,4,16,07/14 03:20:08
116.55520906,39.78634869,0,323.65400000,0.00000000,4,16,07/14 03:20:09
116.55520890,39.78634872,0,323.36940000,0.00000000,4,15,07/14 03:20:10
116.55520901,39.78634867,0,323.59710000,0.00000000,4,15,07/14 03:20:11
116.55520912,39.78634855,0,323.30130000,0.00000000,4,16,07/14 03:20:12
116.55520901,39.78634864,0,323.44560000,0.00000000,4,15,07/14 03:20:15
116.55520904,39.78634853,0,323.62390000,0.00000000,4,16,07/14 03:20:21
116.55520893,39.78634847,0,324.61770000,0.00000000,4,14,07/14 03:20:21
116.55520909,39.78634828,0,325.01910000,0.00000000,4,13,07/14 03:20:21
116.55520879,39.78634835,0,325.59500000,0.00000000,4,12,07/14 03:20:22
116.55520867,39.78634832,0,325.94850000,0.00000000,4,8,07/14 03:20:22
116.55520856,39.78634837,0,326.04190000,0.00000000,4,6,07/14 03:20:22
116.55520857,39.78634848,0,326.78940000,0.00000000,4,6,07/14 03:20:22
116.55520843,39.78634836,0,326.60630000,0.00000000,4,6,07/14 03:20:22
116.55520853,39.78634844,0,325.96420000,0.00000000,4,5,07/14 03:20:23
116.55520837,39.78634844,0,326.39580000,0.00000000,4,5,07/14 03:20:23
116.55520837,39.78634856,0,326.17120000,0.00000000,4,5,07/14 03:20:23
116.55520737,39.78635171,0,326.32240000,0.00000000,2,10,07/14 03:20:23
116.55520731,39.78635114,0,326.93020000,0.00000000,2,10,07/14 03:20:24
116.55520726,39.78635098,0,326.21280000,0.00000000,2,9,07/14 03:20:24
116.55520697,39.78635101,0,326.76330000,0.00000000,2,9,07/14 03:20:24
116.55520824,39.78634848,0,326.96210000,0.00000000,4,10,07/14 03:20:24
116.55520825,39.78634862,0,326.45200000,0.00000000,4,8,07/14 03:20:24
116.55520819,39.78634853,0,326.93330000,0.00000000,4,7,07/14 03:20:24
116.55520832,39.78634852,0,326.88970000,0.00000000,4,8,07/14 03:20:25
116.55520816,39.78634866,0,326.51860000,0.00000000,4,8,07/14 03:20:25
116.55520638,39.78635105,0,326.49500000,0.00000000,2,9,07/14 03:20:26
116.55520599,39.78635113,0,326.22870000,0.00000000,2,9,07/14 03:20:26
116.55520545,39.78635123,0,326.58110000,0.00000000,2,9,07/14 03:20:26
116.55520521,39.78635130,0,326.15460000,0.00000000,2,9,07/14 03:20:26
