116.55521282,39.78634230,0,321.88180000,0.00000000,4,14,07/14 01:11:59
116.55521274,39.78634237,0,321.46990000,0.00000000,4,15,07/14 01:12:05
116.55521280,39.78634230,0,321.22170000,0.00000000,4,14,07/14 01:12:09
116.55521286,39.78634239,0,321.37270000,0.00000000,4,15,07/14 01:12:14
116.55521285,39.78634229,0,321.28270000,0.00000000,4,15,07/14 01:12:16
116.55521276,39.78634235,0,321.57860000,0.00000000,4,15,07/14 01:12:18
116.55521288,39.78634230,0,321.53970000,0.00000000,4,15,07/14 01:12:20
116.55521276,39.78634229,0,321.63600000,0.00000000,4,14,07/14 01:12:20
116.55521289,39.78634232,0,321.38080000,0.00000000,4,16,07/14 01:12:23
116.55521270,39.78634234,0,321.54980000,0.00000000,4,14,07/14 01:12:24
116.55521282,39.78634237,0,321.32310000,0.00000000,4,13,07/14 01:12:25
116.55521283,39.78634227,0,321.41010000,0.00000000,4,14,07/14 01:12:27
116.55521276,39.78634236,0,321.33570000,0.00000000,4,14,07/14 01:12:32
116.55521276,39.78634224,0,321.31650000,0.00000000,4,14,07/14 01:12:35
116.55521286,39.78634230,0,321.81710000,0.00000000,4,14,07/14 01:12:36
116.55521273,39.78634226,0,321.16180000,0.00000000,4,13,07/14 01:12:36
116.55521284,39.78634232,0,321.73870000,0.00000000,4,13,07/14 01:12:38
116.55521273,39.78634237,0,321.36380000,0.00000000,4,12,07/14 01:12:40
116.55521276,39.78634225,0,321.35490000,0.00000000,4,13,07/14 01:12:42
116.55521288,39.78634227,0,321.24970000,0.00000000,4,12,07/14 01:12:45
116.55521277,39.78634229,0,321.50210000,0.00000000,4,12,07/14 01:12:45
116.55521291,39.78634230,0,321.10630000,0.00000000,4,15,07/14 01:12:51
116.55521311,39.78634226,0,320.23830000,0.00000000,4,15,07/14 01:12:51
116.55521292,39.78634222,0,320.59510000,0.00000000,4,11,07/14 01:12:51
116.55521279,39.78634220,0,321.03510000,0.00000000,4,10,07/14 01:12:52
116.55521291,39.78634223,0,320.70830000,0.00000000,4,10,07/14 01:12:52
116.55521270,39.78634222,0,320.31750000,0.00000000,4,10,07/14 01:12:53
116.55521280,39.78634226,0,320.59130000,0.00000000,4,9,07/14 01:12:54
116.55521280,39.78634239,0,320.48720000,0.00000000,4,11,07/14 01:12:55
116.55521279,39.78634229,0,320.69940000,0.00000000,4,10,07/14 01:12:55
116.55521301,39.78634239,0,320.61270000,0.00000000,4,12,07/14 01:12:57
116.55521284,39.78634225,0,320.69240000,0.00000000,4,11,07/14 01:12:58
116.55521305,39.78634228,0,320.93070000,0.00000000,4,12,07/14 01:13:00
116.55521290,39.78634226,0,320.63100000,0.00000000,4,12,07/14 01:13:03
116.55521303,39.78634229,0,321.09970000,0.00000000,4,12,07/14 01:13:06
116.55521286,39.78634227,0,320.93260000,0.00000000,4,11,07/14 01:13:07
116.55521313,39.78634227,0,320.98180000,0.00000000,4,13,07/14 01:13:11
116.55521294,39.78634229,0,320.65850000,0.00000000,4,12,07/14 01:13:11
116.55521274,39.78634203,0,321.20190000,0.00000000,4,12,07/14 01:13:16
116.55521257,39.78634198,0,322.93050000,0.00000000,4,12,07/14 01:13:16
116.55521242,39.78634204,0,322.66760000,0.00000000,4,11,07/14 01:13:17
116.55521301,39.78634195,0,326.76580000,0.00000000,4,10,07/14 01:13:17
116.55521277,39.78634209,0,327.14830000,0.00000000,4,11,07/14 01:13:17
116.55521218,39.78634193,0,323.59800000,0.00000000,4,5,07/14 01:13:18
116.55521238,39.78634192,0,323.53790000,0.00000000,4,5,07/14 01:13:18
116.55521209,39.78634189,0,323.70590000,0.00000000,4,5,07/14 01:13:19
116.55521177,39.78634193,0,323.73150000,0.00000000,4,5,07/14 01:13:19
116.55521190,39.78634194,0,325.30420000,0.00000000,4,5,07/14 01:13:19
116.55521262,39.78634192,0,325.08540000,0.00000000,4,6,07/14 01:13:19
116.55521238,39.78634174,0,325.64010000,0.00000000,4,4,07/14 01:13:20
116.55521221,39.78634166,0,328.50140000,0.00000000,4,4,07/14 01:13:20
116.55521236,39.78634173,0,322.55420000,0.00000000,4,4,07/14 01:13:20
116.55521243,39.78634182,0,322.14740000,0.00000000,4,9,07/14 01:13:20
116.55521242,39.78634171,0,322.15810000,0.00000000,4,9,07/14 01:13:20
116.55521242,39.78634183,0,322.08950000,0.00000000,4,9,07/14 01:13:21
116.55521253,39.78634193,0,322.75380000,0.00000000,4,10,07/14 01:13:23
116.55521253,39.78634208,0,322.55980000,0.00000000,5,8,07/14 01:13:26
116.55521262,39.78634199,0,322.54220000,0.00000000,5,8,07/14 01:13:26
116.55521252,39.78634187,0,322.47500000,0.00000000,5,8,07/14 01:13:26
116.55521252,39.78634173,0,322.59220000,0.00000000,5,7,07/14 01:13:28
116.55521257,39.78634182,0,322.38820000,0.00000000,5,8,07/14 01:13:30
116.55521257,39.78634166,0,322.29670000,0.00000000,5,8,07/14 01:13:30
116.55521256,39.78634176,0,322.41690000,0.00000000,5,9,07/14 01:13:30
116.55521262,39.78634167,0,322.14940000,0.00000000,5,9,07/14 01:13:32
116.55521257,39.78634176,0,322.16630000,0.00000000,5,9,07/14 01:13:32
116.55521258,39.78634187,0,322.34380000,0.00000000,5,7,07/14 01:13:36
116.55521257,39.78634202,0,322.28230000,0.00000000,5,10,07/14 01:13:39
116.55521271,39.78634204,0,322.10900000,0.00000000,5,10,07/14 01:13:39
116.55521272,39.78634215,0,321.42600000,0.00000000,5,8,07/14 01:13:40
116.55521301,39.78634209,0,320.84460000,0.00000000,5,10,07/14 01:13:42
116.55521288,39.78634200,0,321.32540000,0.00000000,5,10,07/14 01:13:42
116.55521289,39.78634187,0,321.27000000,0.00000000,5,11,07/14 01:13:43
116.55521283,39.78634170,0,321.19460000,0.00000000,5,15,07/14 01:13:44
116.55521266,39.78634158,0,321.38530000,0.00000000,5,15,07/14 01:13:45
116.55521309,39.78634230,0,321.40360000,0.00000000,4,15,07/14 01:13:46
116.55521290,39.78634234,0,321.22320000,0.00000000,4,14,07/14 01:13:48
116.55521299,39.78634228,0,321.40220000,0.00000000,4,15,07/14 01:13:51
116.55521295,39.78634237,0,321.38690000,0.00000000,4,13,07/14 01:13:56
116.55521299,39.78634228,0,321.50190000,0.00000000,4,15,07/14 01:14:02
116.55521286,39.78634230,0,321.56640000,0.00000000,4,15,07/14 01:14:02
116.55521298,39.78634232,0,321.31810000,0.00000000,4,15,07/14 01:14:03
116.55521286,39.78634231,0,321.52100000,0.00000000,4,15,07/14 01:14:04
116.55521299,39.78634228,0,321.66190000,0.00000000,4,16,07/14 01:14:04
116.55521287,39.78634230,0,321.65330000,0.00000000,4,15,07/14 01:14:05
116.55521297,39.78634224,0,321.69410000,0.00000000,4,16,07/14 01:14:16
116.55521285,39.78634221,0,321.62750000,0.00000000,4,15,07/14 01:14:20
116.55521281,39.78634231,0,321.54930000,0.00000000,4,16,07/14 01:14:28
116.55521274,39.78634239,0,321.57820000,0.00000000,4,15,07/14 01:14:29
116.55521262,39.78634249,0,321.61360000,0.00000000,4,15,07/14 01:14:29
116.55521245,39.78634264,0,321.43480000,0.00000000,4,15,07/14 01:14:30
116.55521219,39.78634284,0,321.55570000,0.00000000,4,15,07/14 01:14:30
116.55521209,39.78634296,0,321.29200000,0.00000000,4,15,07/14 01:14:30
116.55521178,39.78634320,0,321.34410000,0.00000000,4,15,07/14 01:14:30
116.55521165,39.78634337,0,320.92460000,0.00000000,4,15,07/14 01:14:30
116.55521131,39.78634372,0,320.80830000,0.00000000,4,15,07/14 01:14:31
116.55521117,39.78634388,0,320.63710000,0.00000000,4,15,07/14 01:14:31
116.55521070,39.78634424,0,320.58910000,0.00000000,4,15,07/14 01:14:31
116.55521049,39.78634439,0,320.63900000,0.00000000,4,15,07/14 01:14:31
116.55521007,39.78634484,0,320.42660000,0.00000000,4,15,07/14 01:14:31
116.55520987,39.78634505,0,320.18480000,0.00000000,4,15,07/14 01:14:31
116.55520935,39.78634547,0,320.06310000,0.00000000,4,15,07/14 01:14:32
116.55520911,39.78634571,0,319.56560000,0.00000000,4,15,07/14 01:14:32
116.55520859,39.78634617,0,319.42000000,0.00000000,4,15,07/14 01:14:32
116.55520832,39.78634637,0,319.24410000,0.00000000,4,15,07/14 01:14:32
116.55520771,39.78634687,0,319.33210000,0.00000000,4,15,07/14 01:14:32
116.55520745,39.78634711,0,319.50510000,0.00000000,4,15,07/14 01:14:32
116.55520689,39.78634760,0,319.47160000,0.00000000,4,15,07/14 01:14:32
116.55520665,39.78634781,0,319.49860000,0.00000000,4,14,07/14 01:14:33
116.55520612,39.78634833,0,319.50070000,0.00000000,4,14,07/14 01:14:33
116.55520582,39.78634856,0,319.61870000,0.00000000,4,14,07/14 01:14:33
116.55520528,39.78634902,0,319.71110000,0.00000000,4,14,07/14 01:14:33
116.55520504,39.78634926,0,319.91660000,0.00000000,4,14,07/14 01:14:33
116.55520457,39.78634971,0,320.09590000,0.00000000,4,15,07/14 01:14:33
116.55520435,39.78634997,0,320.27580000,0.00000000,4,15,07/14 01:14:33
116.55520381,39.78635040,0,320.31550000,0.00000000,4,15,07/14 01:14:34
116.55520354,39.78635061,0,320.55530000,0.00000000,4,15,07/14 01:14:34
116.55520304,39.78635107,0,320.72030000,0.00000000,4,15,07/14 01:14:34
116.55520279,39.78635134,0,320.99030000,0.00000000,4,15,07/14 01:14:34
116.55520222,39.78635179,0,321.31120000,0.00000000,4,15,07/14 01:14:34
116.55520194,39.78635204,0,321.48680000,0.00000000,4,15,07/14 01:14:34
116.55520140,39.78635252,0,321.77190000,0.00000000,4,15,07/14 01:14:35
116.55520113,39.78635278,0,322.55590000,0.00000000,4,15,07/14 01:14:35
116.55520053,39.78635336,0,323.32560000,0.00000000,4,15,07/14 01:14:35
116.55520024,39.78635365,0,324.00650000,0.00000000,4,15,07/14 01:14:35
116.55519968,39.78635428,0,324.24290000,0.00000000,4,15,07/14 01:14:35
116.55519942,39.78635456,0,324.85110000,0.00000000,4,15,07/14 01:14:35
116.55519885,39.78635513,0,324.89360000,0.00000000,4,15,07/14 01:14:35
116.55519854,39.78635545,0,325.59190000,0.00000000,4,15,07/14 01:14:36
116.55519802,39.78635601,0,325.67480000,0.00000000,4,15,07/14 01:14:36
116.55519772,39.78635633,0,325.68540000,0.00000000,4,15,07/14 01:14:36
116.55519719,39.78635700,0,325.77830000,0.00000000,4,15,07/14 01:14:36
116.55519693,39.78635733,0,325.95940000,0.00000000,4,16,07/14 01:14:36
116.55519632,39.78635792,0,326.04770000,0.00000000,4,15,07/14 01:14:36
116.55519598,39.78635820,0,326.13860000,0.00000000,4,15,07/14 01:14:36
116.55519549,39.78635881,0,326.46450000,0.00000000,4,15,07/14 01:14:37
116.55519527,39.78635913,0,326.50850000,0.00000000,4,14,07/14 01:14:37
116.55519464,39.78635970,0,326.45780000,0.00000000,4,14,07/14 01:14:37
116.55519435,39.78635996,0,326.31220000,0.00000000,4,14,07/14 01:14:37
116.55519377,39.78636055,0,326.37530000,0.00000000,4,14,07/14 01:14:37
116.55519352,39.78636083,0,326.47570000,0.00000000,4,14,07/14 01:14:37
116.55519303,39.78636138,0,326.39580000,0.00000000,4,14,07/14 01:14:38
116.55519272,39.78636167,0,326.17430000,0.00000000,4,14,07/14 01:14:38
116.55519217,39.78636231,0,326.18670000,0.00000000,4,14,07/14 01:14:38
116.55519193,39.78636263,0,326.44000000,0.00000000,4,14,07/14 01:14:38
116.55519135,39.78636337,0,326.56990000,0.00000000,4,14,07/14 01:14:38
116.55519107,39.78636375,0,326.48200000,0.00000000,4,14,07/14 01:14:38
116.55519048,39.78636446,0,326.58990000,0.00000000,4,14,07/14 01:14:38
116.55519015,39.78636478,0,326.35450000,0.00000000,4,14,07/14 01:14:39
116.55518953,39.78636547,0,326.32420000,0.00000000,4,14,07/14 01:14:39
116.55518920,39.78636585,0,326.17260000,0.00000000,4,14,07/14 01:14:39
116.55518856,39.78636649,0,326.72580000,0.00000000,4,14,07/14 01:14:39
116.55518826,39.78636677,0,326.97780000,0.00000000,4,14,07/14 01:14:39
116.55518764,39.78636731,0,326.97740000,0.00000000,4,14,07/14 01:14:39
116.55518737,39.78636755,0,327.04100000,0.00000000,4,14,07/14 01:14:39
116.55518692,39.78636818,0,327.10200000,0.00000000,4,14,07/14 01:14:40
116.55518668,39.78636845,0,327.49020000,0.00000000,4,14,07/14 01:14:40
116.55518617,39.78636906,0,327.55140000,0.00000000,4,14,07/14 01:14:40
116.55518594,39.78636944,0,328.19820000,0.00000000,4,15,07/14 01:14:40
116.55518545,39.78637017,0,328.35050000,0.00000000,4,15,07/14 01:14:40
116.55518515,39.78637051,0,329.12170000,0.00000000,4,15,07/14 01:14:40
116.55518447,39.78637129,0,329.36420000,0.00000000,4,15,07/14 01:14:41
116.55518417,39.78637166,0,330.35330000,0.00000000,4,14,07/14 01:14:41
116.55518362,39.78637244,0,331.02480000,0.00000000,4,14,07/14 01:14:41
116.55518340,39.78637284,0,332.06190000,0.00000000,4,14,07/14 01:14:41
116.55518285,39.78637373,0,332.24580000,0.00000000,4,15,07/14 01:14:41
116.55518251,39.78637414,0,333.68160000,0.00000000,4,15,07/14 01:14:41
116.55518195,39.78637508,0,334.29160000,0.00000000,4,15,07/14 01:14:41
116.55518166,39.78637557,0,335.53290000,0.00000000,4,15,07/14 01:14:42
116.55518108,39.78637660,0,335.96880000,0.00000000,4,15,07/14 01:14:42
116.55518075,39.78637709,0,336.43070000,0.00000000,4,15,07/14 01:14:42
116.55518016,39.78637802,0,336.40650000,0.00000000,4,15,07/14 01:14:42
116.55517990,39.78637848,0,336.66560000,0.00000000,4,15,07/14 01:14:42
116.55517929,39.78637950,0,336.70230000,0.00000000,4,15,07/14 01:14:42
116.55517903,39.78637996,0,336.70240000,0.00000000,4,15,07/14 01:14:42
116.55517849,39.78638084,0,336.70540000,0.00000000,4,15,07/14 01:14:43
116.55517826,39.78638127,0,336.93650000,0.00000000,4,15,07/14 01:14:43
116.55517772,39.78638214,0,337.06020000,0.00000000,4,15,07/14 01:14:43
116.55517753,39.78638257,0,336.78520000,0.00000000,4,15,07/14 01:14:43
116.55517713,39.78638346,0,336.96860000,0.00000000,4,15,07/14 01:14:43
116.55517689,39.78638386,0,337.10170000,0.00000000,4,15,07/14 01:14:43
116.55517635,39.78638465,0,337.13200000,0.00000000,4,15,07/14 01:14:44
116.55517616,39.78638504,0,337.21290000,0.00000000,4,15,07/14 01:14:44
116.55517580,39.78638580,0,337.05200000,0.00000000,4,15,07/14 01:14:44
116.55517556,39.78638615,0,337.13160000,0.00000000,4,15,07/14 01:14:44
116.55517517,39.78638684,0,337.10930000,0.00000000,4,15,07/14 01:14:44
116.55517496,39.78638719,0,337.47920000,0.00000000,4,15,07/14 01:14:44
116.55517461,39.78638783,0,337.60750000,0.00000000,4,15,07/14 01:14:44
116.55517442,39.78638818,0,338.02960000,0.00000000,4,15,07/14 01:14:45
116.55517400,39.78638885,0,338.29770000,0.00000000,4,15,07/14 01:14:45
116.55517385,39.78638918,0,338.63890000,0.00000000,4,15,07/14 01:14:45
116.55517352,39.78638987,0,338.84160000,0.00000000,4,15,07/14 01:14:45
116.55517327,39.78639022,0,339.21670000,0.00000000,4,14,07/14 01:14:45
116.55517292,39.78639092,0,339.51540000,0.00000000,4,14,07/14 01:14:45
116.55517279,39.78639129,0,339.82330000,0.00000000,4,14,07/14 01:14:45
116.55517247,39.78639201,0,340.06810000,0.00000000,4,14,07/14 01:14:46
116.55517233,39.78639236,0,340.68970000,0.00000000,4,14,07/14 01:14:46
116.55517199,39.78639303,0,340.91060000,0.00000000,4,14,07/14 01:14:46
116.55517186,39.78639336,0,341.12750000,0.00000000,4,14,07/14 01:14:46
116.55517152,39.78639395,0,341.36430000,0.00000000,4,13,07/14 01:14:46
116.55517134,39.78639430,0,341.90920000,0.00000000,4,13,07/14 01:14:46
116.55517108,39.78639497,0,342.22550000,0.00000000,4,13,07/14 01:14:47
116.55517092,39.78639525,0,342.67780000,0.00000000,4,13,07/14 01:14:47
116.55517065,39.78639588,0,342.90910000,0.00000000,4,13,07/14 01:14:47
116.55517052,39.78639619,0,343.38100000,0.00000000,4,13,07/14 01:14:47
116.55517028,39.78639686,0,343.34390000,0.00000000,4,13,07/14 01:14:47
116.55517018,39.78639719,0,343.73760000,0.00000000,4,13,07/14 01:14:47
116.55516987,39.78639777,0,343.89430000,0.00000000,4,14,07/14 01:14:47
116.55516973,39.78639805,0,344.13740000,0.00000000,4,14,07/14 01:14:48
116.55516950,39.78639873,0,344.29990000,0.00000000,4,14,07/14 01:14:48
116.55516937,39.78639903,0,344.57620000,0.00000000,4,14,07/14 01:14:48
116.55516917,39.78639969,0,344.37570000,0.00000000,4,14,07/14 01:14:48
116.55516908,39.78640007,0,344.55480000,0.00000000,4,14,07/14 01:14:48
116.55516881,39.78640069,0,344.60640000,0.00000000,4,14,07/14 01:14:48
116.55516866,39.78640098,0,344.84230000,0.00000000,4,14,07/14 01:14:48
116.55516845,39.78640162,0,344.51900000,0.00000000,4,14,07/14 01:14:49
116.55516837,39.78640198,0,344.33660000,0.00000000,4,14,07/14 01:14:49
116.55516811,39.78640260,0,344.32520000,0.00000000,4,14,07/14 01:14:49
116.55516799,39.78640287,0,344.98250000,0.00000000,4,14,07/14 01:14:49
116.55516778,39.78640347,0,345.17440000,0.00000000,4,14,07/14 01:14:49
116.55516770,39.78640379,0,344.94220000,0.00000000,4,14,07/14 01:14:49
116.55516749,39.78640440,0,344.85900000,0.00000000,4,14,07/14 01:14:50
116.55516733,39.78640468,0,344.88110000,0.00000000,4,14,07/14 01:14:50
116.55516707,39.78640527,0,344.86690000,0.00000000,4,14,07/14 01:14:50
116.55516698,39.78640556,0,344.87610000,0.00000000,4,14,07/14 01:14:50
116.55516679,39.78640614,0,344.67880000,0.00000000,4,14,07/14 01:14:50
116.55516663,39.78640641,0,344.01950000,0.00000000,4,14,07/14 01:14:50
116.55516643,39.78640706,0,344.06680000,0.00000000,4,14,07/14 01:14:50
116.55516630,39.78640737,0,343.97790000,0.00000000,4,14,07/14 01:14:51
116.55516608,39.78640793,0,343.88370000,0.00000000,4,14,07/14 01:14:51
116.55516593,39.78640822,0,343.90510000,0.00000000,4,14,07/14 01:14:51
116.55516572,39.78640884,0,344.35690000,0.00000000,4,14,07/14 01:14:51
116.55516562,39.78640911,0,344.16700000,0.00000000,4,14,07/14 01:14:51
116.55516538,39.78640968,0,344.17360000,0.00000000,4,14,07/14 01:14:51
116.55516528,39.78640997,0,344.06960000,0.00000000,4,14,07/14 01:14:51
116.55516507,39.78641058,0,344.05000000,0.00000000,4,14,07/14 01:14:52
116.55516493,39.78641090,0,344.01150000,0.00000000,4,14,07/14 01:14:52
116.55516473,39.78641153,0,343.81990000,0.00000000,4,14,07/14 01:14:52
116.55516460,39.78641180,0,343.96580000,0.00000000,4,14,07/14 01:14:52
116.55516442,39.78641248,0,343.80760000,0.00000000,4,14,07/14 01:14:52
116.55516430,39.78641284,0,343.40990000,0.00000000,4,14,07/14 01:14:52
116.55516403,39.78641354,0,343.39070000,0.00000000,4,14,07/14 01:14:53
116.55516383,39.78641388,0,343.51120000,0.00000000,4,14,07/14 01:14:53
116.55516354,39.78641457,0,343.30620000,0.00000000,4,14,07/14 01:14:53
116.55516344,39.78641490,0,343.15060000,0.00000000,4,14,07/14 01:14:53
116.55516321,39.78641568,0,343.22160000,0.00000000,4,15,07/14 01:14:53
116.55516301,39.78641605,0,343.04100000,0.00000000,4,15,07/14 01:14:53
116.55516262,39.78641674,0,343.04980000,0.00000000,4,14,07/14 01:14:53
116.55516245,39.78641713,0,343.30280000,0.00000000,4,14,07/14 01:14:54
116.55516216,39.78641786,0,343.15900000,0.00000000,4,14,07/14 01:14:54
116.55516199,39.78641824,0,343.39070000,0.00000000,4,14,07/14 01:14:54
116.55516170,39.78641898,0,343.51180000,0.00000000,4,14,07/14 01:14:54
116.55516152,39.78641938,0,343.56250000,0.00000000,4,14,07/14 01:14:54
116.55516116,39.78642016,0,343.70280000,0.00000000,4,14,07/14 01:14:54
116.55516104,39.78642053,0,344.67930000,0.00000000,4,14,07/14 01:14:54
116.55516082,39.78642138,0,344.67000000,0.00000000,4,14,07/14 01:14:55
116.55516066,39.78642175,0,345.24930000,0.00000000,4,14,07/14 01:14:55
116.55516035,39.78642252,0,345.61710000,0.00000000,4,14,07/14 01:14:55
116.55516023,39.78642291,0,345.89980000,0.00000000,4,14,07/14 01:14:55
116.55515995,39.78642372,0,346.37480000,0.00000000,4,14,07/14 01:14:55
116.55515986,39.78642412,0,346.22470000,0.00000000,4,14,07/14 01:14:55
116.55515955,39.78642494,0,346.52870000,0.00000000,4,14,07/14 01:14:56
116.55515940,39.78642540,0,346.80860000,0.00000000,4,14,07/14 01:14:56
116.55515913,39.78642628,0,347.43730000,0.00000000,4,14,07/14 01:14:56
116.55515897,39.78642674,0,348.01510000,0.00000000,4,14,07/14 01:14:56
116.55515874,39.78642767,0,348.37220000,0.00000000,4,14,07/14 01:14:56
116.55515859,39.78642811,0,348.89760000,0.00000000,4,14,07/14 01:14:56
116.55515832,39.78642901,0,350.27940000,0.00000000,4,14,07/14 01:14:56
116.55515821,39.78642946,0,351.08680000,0.00000000,4,14,07/14 01:14:57
116.55515801,39.78643043,0,351.57340000,0.00000000,4,14,07/14 01:14:57
116.55515792,39.78643087,0,352.44200000,0.00000000,4,14,07/14 01:14:57
116.55515771,39.78643182,0,352.94470000,0.00000000,4,14,07/14 01:14:57
116.55515771,39.78643229,0,353.05400000,0.00000000,4,14,07/14 01:14:57
116.55515757,39.78643319,0,353.04480000,0.00000000,4,14,07/14 01:14:57
116.55515743,39.78643364,0,353.41890000,0.00000000,4,14,07/14 01:14:57
116.55515722,39.78643457,0,353.29010000,0.00000000,4,14,07/14 01:14:58
116.55515715,39.78643503,0,353.43630000,0.00000000,4,14,07/14 01:14:58
116.55515703,39.78643586,0,353.34230000,0.00000000,4,14,07/14 01:14:58
116.55515695,39.78643629,0,353.32600000,0.00000000,4,14,07/14 01:14:58
116.55515676,39.78643716,0,353.82440000,0.00000000,4,14,07/14 01:14:58
116.55515665,39.78643755,0,353.68630000,0.00000000,4,14,07/14 01:14:58
116.55515654,39.78643831,0,353.72560000,0.00000000,4,14,07/14 01:14:59
116.55515650,39.78643874,0,353.72770000,0.00000000,4,14,07/14 01:14:59
116.55515640,39.78643956,0,353.61510000,0.00000000,4,14,07/14 01:14:59
116.55515634,39.78643996,0,353.56990000,0.00000000,4,14,07/14 01:14:59
116.55515622,39.78644078,0,353.61540000,0.00000000,4,14,07/14 01:14:59
116.55515614,39.78644121,0,353.17060000,0.00000000,4,14,07/14 01:14:59
116.55515594,39.78644196,0,352.92890000,0.00000000,4,14,07/14 01:14:59
116.55515588,39.78644234,0,353.09320000,0.00000000,4,14,07/14 01:15:00
116.55515571,39.78644313,0,352.79920000,0.00000000,4,14,07/14 01:15:00
116.55515558,39.78644353,0,352.50520000,0.00000000,4,14,07/14 01:15:00
116.55515540,39.78644434,0,352.51790000,0.00000000,4,14,07/14 01:15:00
116.55515535,39.78644468,0,352.33760000,0.00000000,4,14,07/14 01:15:00
116.55515520,39.78644550,0,352.28720000,0.00000000,4,14,07/14 01:15:00
116.55515512,39.78644592,0,351.82630000,0.00000000,4,14,07/14 01:15:00
116.55515497,39.78644673,0,351.75960000,0.00000000,4,14,07/14 01:15:01
116.55515487,39.78644715,0,351.37940000,0.00000000,4,13,07/14 01:15:01
116.55515464,39.78644798,0,351.30160000,0.00000000,4,13,07/14 01:15:01
116.55515453,39.78644842,0,351.45290000,0.00000000,4,13,07/14 01:15:01
116.55515444,39.78644940,0,351.09740000,0.00000000,4,13,07/14 01:15:01
116.55515432,39.78644984,0,350.57490000,0.00000000,4,13,07/14 01:15:01
116.55515408,39.78645073,0,350.32370000,0.00000000,4,13,07/14 01:15:02
116.55515393,39.78645119,0,350.03140000,0.00000000,4,13,07/14 01:15:02
116.55515368,39.78645213,0,350.11370000,0.00000000,4,13,07/14 01:15:02
116.55515354,39.78645260,0,349.89470000,0.00000000,4,13,07/14 01:15:02
116.55515334,39.78645354,0,349.70340000,0.00000000,4,13,07/14 01:15:02
116.55515324,39.78645394,0,349.47850000,0.00000000,4,13,07/14 01:15:02
116.55515296,39.78645485,0,349.38180000,0.00000000,4,14,07/14 01:15:02
116.55515284,39.78645529,0,348.77430000,0.00000000,4,14,07/14 01:15:03
116.55515262,39.78645619,0,348.58900000,0.00000000,4,14,07/14 01:15:03
116.55515255,39.78645667,0,348.33680000,0.00000000,4,14,07/14 01:15:03
116.55515234,39.78645756,0,348.10560000,0.00000000,4,14,07/14 01:15:03
116.55515221,39.78645796,0,347.85040000,0.00000000,4,14,07/14 01:15:03
116.55515181,39.78645878,0,347.94030000,0.00000000,4,14,07/14 01:15:03
116.55515164,39.78645919,0,347.96580000,0.00000000,4,14,07/14 01:15:03
116.55515146,39.78646007,0,347.68250000,0.00000000,4,14,07/14 01:15:04
116.55515133,39.78646049,0,347.25340000,0.00000000,4,14,07/14 01:15:04
116.55515105,39.78646138,0,347.07630000,0.00000000,4,14,07/14 01:15:04
116.55515094,39.78646181,0,346.58260000,0.00000000,4,14,07/14 01:15:04
116.55515069,39.78646265,0,346.54550000,0.00000000,4,14,07/14 01:15:04
116.55515054,39.78646308,0,346.36820000,0.00000000,4,14,07/14 01:15:04
116.55515025,39.78646393,0,346.14750000,0.00000000,4,14,07/14 01:15:05
116.55515009,39.78646435,0,345.92480000,0.00000000,4,14,07/14 01:15:05
116.55514981,39.78646523,0,345.85590000,0.00000000,4,14,07/14 01:15:05
116.55514967,39.78646568,0,345.30730000,0.00000000,4,14,07/14 01:15:05
116.55514928,39.78646652,0,345.16110000,0.00000000,4,14,07/14 01:15:05
116.55514907,39.78646695,0,344.58460000,0.00000000,4,14,07/14 01:15:05
116.55514881,39.78646782,0,344.06870000,0.00000000,4,14,07/14 01:15:05
116.55514864,39.78646825,0,343.53670000,0.00000000,4,14,07/14 01:15:06
116.55514830,39.78646913,0,343.04210000,0.00000000,4,14,07/14 01:15:06
116.55514810,39.78646953,0,342.23410000,0.00000000,4,14,07/14 01:15:06
116.55514776,39.78647036,0,341.79450000,0.00000000,4,14,07/14 01:15:06
116.55514763,39.78647078,0,340.94520000,0.00000000,4,14,07/14 01:15:06
116.55514725,39.78647158,0,340.86600000,0.00000000,4,14,07/14 01:15:06
116.55514702,39.78647202,0,340.15450000,0.00000000,4,14,07/14 01:15:06
116.55514656,39.78647281,0,339.97250000,0.00000000,4,14,07/14 01:15:07
116.55514637,39.78647316,0,339.28070000,0.00000000,4,14,07/14 01:15:07
116.55514603,39.78647397,0,338.91850000,0.00000000,4,14,07/14 01:15:07
116.55514585,39.78647436,0,337.75010000,0.00000000,4,14,07/14 01:15:07
116.55514532,39.78647517,0,337.49500000,0.00000000,4,14,07/14 01:15:07
116.55514506,39.78647558,0,336.65090000,0.00000000,4,14,07/14 01:15:07
116.55514465,39.78647639,0,336.32960000,0.00000000,4,14,07/14 01:15:08
116.55514443,39.78647682,0,335.54250000,0.00000000,4,14,07/14 01:15:08
116.55514386,39.78647761,0,335.52050000,0.00000000,4,14,07/14 01:15:08
116.55514360,39.78647802,0,335.10080000,0.00000000,4,14,07/14 01:15:08
116.55514315,39.78647887,0,334.70130000,0.00000000,4,14,07/14 01:15:08
116.55514292,39.78647927,0,334.17390000,0.00000000,4,14,07/14 01:15:08
116.55514232,39.78648013,0,333.97530000,0.00000000,4,14,07/14 01:15:08
116.55514203,39.78648054,0,333.22590000,0.00000000,4,14,07/14 01:15:09
116.55514145,39.78648132,0,333.05690000,0.00000000,4,14,07/14 01:15:09
116.55514116,39.78648170,0,332.88290000,0.00000000,4,14,07/14 01:15:09
116.55514053,39.78648243,0,332.71170000,0.00000000,4,14,07/14 01:15:09
116.55514021,39.78648280,0,332.44530000,0.00000000,4,14,07/14 01:15:09
116.55513973,39.78648364,0,332.45360000,0.00000000,4,14,07/14 01:15:09
116.55513948,39.78648409,0,332.45590000,0.00000000,4,14,07/14 01:15:09
116.55513884,39.78648488,0,332.46670000,0.00000000,4,14,07/14 01:15:10
116.55513854,39.78648533,0,332.63490000,0.00000000,4,14,07/14 01:15:10
116.55513807,39.78648615,0,332.59840000,0.00000000,4,14,07/14 01:15:10
116.55513783,39.78648656,0,332.94770000,0.00000000,4,14,07/14 01:15:10
116.55513719,39.78648735,0,333.04130000,0.00000000,4,14,07/14 01:15:10
116.55513691,39.78648779,0,333.03750000,0.00000000,4,14,07/14 01:15:10
116.55513637,39.78648865,0,333.07580000,0.00000000,4,14,07/14 01:15:11
116.55513610,39.78648904,0,333.23970000,0.00000000,4,14,07/14 01:15:11
116.55513551,39.78648975,0,333.19500000,0.00000000,4,14,07/14 01:15:11
116.55513526,39.78649012,0,333.15450000,0.00000000,4,14,07/14 01:15:11
116.55513486,39.78649092,0,333.44910000,0.00000000,4,14,07/14 01:15:11
116.55513461,39.78649131,0,332.95550000,0.00000000,4,14,07/14 01:15:11
116.55513396,39.78649205,0,333.09780000,0.00000000,4,14,07/14 01:15:11
116.55513364,39.78649247,0,332.60260000,0.00000000,4,14,07/14 01:15:12
116.55513319,39.78649331,0,333.03410000,0.00000000,4,14,07/14 01:15:12
116.55513290,39.78649370,0,332.89290000,0.00000000,4,14,07/14 01:15:12
116.55513237,39.78649450,0,332.97030000,0.00000000,4,14,07/14 01:15:12
116.55513209,39.78649491,0,332.90230000,0.00000000,4,14,07/14 01:15:12
116.55513163,39.78649573,0,332.81220000,0.00000000,4,15,07/14 01:15:12
116.55513139,39.78649611,0,332.76000000,0.00000000,4,15,07/14 01:15:12
116.55513087,39.78649683,0,332.75410000,0.00000000,4,15,07/14 01:15:13
116.55513058,39.78649723,0,332.58760000,0.00000000,4,15,07/14 01:15:13
116.55513002,39.78649800,0,332.63330000,0.00000000,4,15,07/14 01:15:13
116.55512980,39.78649838,0,332.58830000,0.00000000,4,15,07/14 01:15:13
116.55512925,39.78649918,0,332.70680000,0.00000000,4,15,07/14 01:15:13
116.55512894,39.78649956,0,332.59460000,0.00000000,4,15,07/14 01:15:13
116.55512839,39.78650041,0,332.51070000,0.00000000,4,15,07/14 01:15:14
116.55512808,39.78650084,0,332.73670000,0.00000000,4,15,07/14 01:15:14
116.55512751,39.78650170,0,332.81090000,0.00000000,4,15,07/14 01:15:14
116.55512722,39.78650212,0,332.41290000,0.00000000,4,15,07/14 01:15:14
116.55512659,39.78650294,0,332.40260000,0.00000000,4,15,07/14 01:15:14
116.55512625,39.78650338,0,332.37500000,0.00000000,4,15,07/14 01:15:14
116.55512572,39.78650423,0,332.13270000,0.00000000,4,15,07/14 01:15:14
116.55512537,39.78650463,0,332.28510000,0.00000000,4,15,07/14 01:15:15
116.55512471,39.78650545,0,332.25180000,0.00000000,4,15,07/14 01:15:15
116.55512442,39.78650587,0,332.07120000,0.00000000,4,15,07/14 01:15:15
116.55512391,39.78650677,0,331.97550000,0.00000000,4,15,07/14 01:15:15
116.55512358,39.78650714,0,331.56170000,0.00000000,4,15,07/14 01:15:15
116.55512290,39.78650794,0,331.53800000,0.00000000,4,15,07/14 01:15:15
116.55512263,39.78650838,0,331.05310000,0.00000000,4,15,07/14 01:15:15
116.55512200,39.78650931,0,330.98300000,0.00000000,4,15,07/14 01:15:16
116.55512162,39.78650973,0,330.61100000,0.00000000,4,15,07/14 01:15:16
116.55512093,39.78651059,0,330.42830000,0.00000000,4,15,07/14 01:15:16
116.55512063,39.78651105,0,330.18700000,0.00000000,4,15,07/14 01:15:16
116.55511996,39.78651188,0,329.99910000,0.00000000,4,14,07/14 01:15:16
116.55511962,39.78651231,0,329.46290000,0.00000000,4,14,07/14 01:15:16
116.55511889,39.78651316,0,329.58330000,0.00000000,4,14,07/14 01:15:17
116.55511859,39.78651361,0,329.35530000,0.00000000,4,14,07/14 01:15:17
116.55511781,39.78651450,0,329.22250000,0.00000000,4,14,07/14 01:15:17
116.55511740,39.78651493,0,329.10810000,0.00000000,4,14,07/14 01:15:17
116.55511668,39.78651588,0,328.74590000,0.00000000,4,14,07/14 01:15:17
116.55511628,39.78651637,0,328.30480000,0.00000000,4,14,07/14 01:15:17
116.55511538,39.78651734,0,328.08220000,0.00000000,4,14,07/14 01:15:17
116.55511495,39.78651782,0,327.82030000,0.00000000,4,14,07/14 01:15:18
116.55511412,39.78651890,0,327.58410000,0.00000000,4,14,07/14 01:15:18
116.55511367,39.78651941,0,327.40400000,0.00000000,4,14,07/14 01:15:18
116.55511269,39.78652044,0,327.00990000,0.00000000,4,14,07/14 01:15:18
116.55511217,39.78652096,0,327.01410000,0.00000000,4,14,07/14 01:15:18
116.55511124,39.78652220,0,326.70600000,0.00000000,4,14,07/14 01:15:18
116.55511068,39.78652276,0,326.53810000,0.00000000,4,14,07/14 01:15:18
116.55510960,39.78652385,0,326.04190000,0.00000000,4,14,07/14 01:15:19
116.55510906,39.78652443,0,325.98110000,0.00000000,4,14,07/14 01:15:19
116.55510810,39.78652564,0,325.48080000,0.00000000,4,14,07/14 01:15:19
116.55510756,39.78652619,0,325.28460000,0.00000000,4,14,07/14 01:15:19
116.55510632,39.78652732,0,325.16540000,0.00000000,4,14,07/14 01:15:19
116.55510574,39.78652794,0,325.98690000,0.00000000,4,14,07/14 01:15:19
116.55510464,39.78652941,0,326.24380000,0.00000000,4,14,07/14 01:15:20
116.55510399,39.78653009,0,326.92160000,0.00000000,4,14,07/14 01:15:20
116.55510259,39.78653156,0,326.87600000,0.00000000,4,14,07/14 01:15:20
116.55510193,39.78653238,0,327.02280000,0.00000000,4,14,07/14 01:15:20
116.55510059,39.78653401,0,327.15510000,0.00000000,4,14,07/14 01:15:20
116.55509984,39.78653482,0,327.36280000,0.00000000,4,14,07/14 01:15:20
116.55509837,39.78653654,0,327.27110000,0.00000000,4,14,07/14 01:15:20
116.55509763,39.78653749,0,327.33190000,0.00000000,4,14,07/14 01:15:21
116.55509607,39.78653931,0,327.49330000,0.00000000,4,14,07/14 01:15:21
116.55509527,39.78654024,0,327.74250000,0.00000000,4,14,07/14 01:15:21
116.55509369,39.78654209,0,327.71940000,0.00000000,4,14,07/14 01:15:21
116.55509289,39.78654300,0,327.98740000,0.00000000,4,14,07/14 01:15:21
116.55509121,39.78654499,0,328.18250000,0.00000000,4,14,07/14 01:15:21
116.55509040,39.78654599,0,328.18490000,0.00000000,4,14,07/14 01:15:21
116.55508873,39.78654801,0,328.34510000,0.00000000,4,14,07/14 01:15:22
116.55508785,39.78654904,0,328.35170000,0.00000000,4,14,07/14 01:15:22
116.55508622,39.78655099,0,328.37700000,0.00000000,4,14,07/14 01:15:22
116.55508540,39.78655206,0,328.25060000,0.00000000,4,14,07/14 01:15:22
116.55508365,39.78655413,0,328.30790000,0.00000000,4,14,07/14 01:15:22
116.55508280,39.78655515,0,328.46230000,0.00000000,4,14,07/14 01:15:22
116.55508104,39.78655728,0,328.48450000,0.00000000,4,14,07/14 01:15:23
116.55508023,39.78655826,0,328.65100000,0.00000000,4,14,07/14 01:15:23
116.55507848,39.78656037,0,328.47120000,0.00000000,4,14,07/14 01:15:23
116.55507753,39.78656149,0,328.64870000,0.00000000,4,14,07/14 01:15:23
116.55507577,39.78656362,0,328.39180000,0.00000000,4,14,07/14 01:15:23
116.55507484,39.78656466,0,328.43200000,0.00000000,4,15,07/14 01:15:23
116.55507311,39.78656673,0,328.31130000,0.00000000,4,15,07/14 01:15:23
116.55507220,39.78656780,0,328.50480000,0.00000000,4,15,07/14 01:15:24
116.55507043,39.78656995,0,328.54040000,0.00000000,4,15,07/14 01:15:24
116.55506955,39.78657102,0,328.26690000,0.00000000,4,15,07/14 01:15:24
116.55506773,39.78657315,0,328.51560000,0.00000000,4,15,07/14 01:15:24
116.55506687,39.78657416,0,328.49010000,0.00000000,4,15,07/14 01:15:24
116.55506509,39.78657628,0,328.45120000,0.00000000,4,15,07/14 01:15:24
116.55506418,39.78657736,0,328.29910000,0.00000000,4,15,07/14 01:15:24
116.55506242,39.78657952,0,328.22390000,0.00000000,4,15,07/14 01:15:25
116.55506150,39.78658055,0,328.26060000,0.00000000,4,15,07/14 01:15:25
116.55505980,39.78658259,0,328.01060000,0.00000000,4,15,07/14 01:15:25
116.55505892,39.78658367,0,328.05520000,0.00000000,4,15,07/14 01:15:25
116.55505706,39.78658586,0,327.88880000,0.00000000,4,14,07/14 01:15:25
116.55505614,39.78658690,0,327.89290000,0.00000000,4,14,07/14 01:15:25
116.55505429,39.78658905,0,327.87280000,0.00000000,4,14,07/14 01:15:26
116.55505348,39.78659007,0,327.79330000,0.00000000,4,14,07/14 01:15:26
116.55505167,39.78659224,0,327.73200000,0.00000000,4,14,07/14 01:15:26
116.55505066,39.78659328,0,327.70900000,0.00000000,4,14,07/14 01:15:26
116.55504882,39.78659546,0,327.66490000,0.00000000,4,14,07/14 01:15:26
116.55504788,39.78659657,0,327.74580000,0.00000000,4,14,07/14 01:15:26
116.55504619,39.78659860,0,327.63650000,0.00000000,4,14,07/14 01:15:26
116.55504523,39.78659967,0,327.46730000,0.00000000,4,14,07/14 01:15:27
116.55504332,39.78660184,0,327.49960000,0.00000000,4,14,07/14 01:15:27
116.55504240,39.78660292,0,327.22750000,0.00000000,4,14,07/14 01:15:27
116.55504053,39.78660509,0,327.14780000,0.00000000,4,14,07/14 01:15:27
116.55503966,39.78660609,0,327.07910000,0.00000000,4,14,07/14 01:15:27
116.55503782,39.78660823,0,327.11350000,0.00000000,4,14,07/14 01:15:27
116.55503688,39.78660931,0,327.03250000,0.00000000,4,14,07/14 01:15:27
116.55503500,39.78661148,0,326.92580000,0.00000000,4,14,07/14 01:15:28
116.55503406,39.78661253,0,327.14570000,0.00000000,4,14,07/14 01:15:28
116.55503222,39.78661467,0,327.05720000,0.00000000,4,14,07/14 01:15:28
116.55503125,39.78661579,0,326.98290000,0.00000000,4,14,07/14 01:15:28
116.55502929,39.78661799,0,327.01720000,0.00000000,4,14,07/14 01:15:28
116.55502831,39.78661907,0,326.64190000,0.00000000,4,14,07/14 01:15:28
116.55502638,39.78662124,0,326.67440000,0.00000000,4,14,07/14 01:15:29
116.55502543,39.78662235,0,326.48760000,0.00000000,4,14,07/14 01:15:29
116.55502345,39.78662462,0,326.42840000,0.00000000,4,14,07/14 01:15:29
116.55502245,39.78662568,0,326.40310000,0.00000000,4,14,07/14 01:15:29
116.55502038,39.78662796,0,326.32500000,0.00000000,4,14,07/14 01:15:29
116.55501938,39.78662910,0,326.13630000,0.00000000,4,14,07/14 01:15:29
116.55501731,39.78663132,0,326.02680000,0.00000000,4,14,07/14 01:15:29
116.55501630,39.78663248,0,326.04900000,0.00000000,4,13,07/14 01:15:30
116.55501425,39.78663474,0,325.95190000,0.00000000,4,13,07/14 01:15:30
116.55501325,39.78663586,0,325.80140000,0.00000000,4,13,07/14 01:15:30
116.55501115,39.78663811,0,325.80140000,0.00000000,4,13,07/14 01:15:30
116.55501015,39.78663922,0,325.74040000,0.00000000,4,13,07/14 01:15:30
116.55500808,39.78664152,0,325.77120000,0.00000000,4,13,07/14 01:15:30
116.55500701,39.78664262,0,325.48410000,0.00000000,4,13,07/14 01:15:30
116.55500494,39.78664480,0,325.42800000,0.00000000,4,13,07/14 01:15:31
116.55500394,39.78664594,0,325.42070000,0.00000000,4,13,07/14 01:15:31
116.55500188,39.78664822,0,325.37660000,0.00000000,4,13,07/14 01:15:31
116.55500077,39.78664935,0,325.33560000,0.00000000,4,13,07/14 01:15:31
116.55499860,39.78665158,0,325.31490000,0.00000000,4,14,07/14 01:15:31
116.55499760,39.78665273,0,325.24240000,0.00000000,4,14,07/14 01:15:31
116.55499549,39.78665484,0,325.55780000,0.00000000,4,14,07/14 01:15:32
116.55499442,39.78665588,0,330.43000000,0.00000000,4,14,07/14 01:15:32
116.55499314,39.78665826,0,333.46550000,0.00000000,4,14,07/14 01:15:32
116.55499265,39.78665946,0,333.65320000,0.00000000,4,14,07/14 01:15:32
116.55499126,39.78666147,0,333.52100000,0.00000000,4,15,07/14 01:15:32
116.55499033,39.78666243,0,334.15590000,0.00000000,4,15,07/14 01:15:32
116.55498903,39.78666450,0,334.37800000,0.00000000,4,14,07/14 01:15:32
116.55498858,39.78666556,0,331.85060000,0.00000000,4,14,07/14 01:15:33
116.55498713,39.78666747,0,331.12440000,0.00000000,4,14,07/14 01:15:33
116.55498638,39.78666834,0,329.37400000,0.00000000,4,14,07/14 01:15:33
116.55498498,39.78666990,0,328.79080000,0.00000000,4,14,07/14 01:15:33
116.55498427,39.78667082,0,327.27340000,0.00000000,4,14,07/14 01:15:33
116.55498284,39.78667247,0,327.14510000,0.00000000,4,14,07/14 01:15:33
116.55498214,39.78667330,0,326.10950000,0.00000000,4,14,07/14 01:15:33
116.55498070,39.78667483,0,325.72660000,0.00000000,4,14,07/14 01:15:34
116.55497995,39.78667559,0,324.92990000,0.00000000,4,14,07/14 01:15:34
116.55497856,39.78667705,0,324.49050000,0.00000000,4,14,07/14 01:15:34
116.55497787,39.78667780,0,323.55020000,0.00000000,4,14,07/14 01:15:34
116.55497637,39.78667931,0,323.18710000,0.00000000,4,14,07/14 01:15:34
116.55497561,39.78668002,0,322.40960000,0.00000000,4,14,07/14 01:15:34
116.55497416,39.78668146,0,321.88050000,0.00000000,4,14,07/14 01:15:35
116.55497341,39.78668217,0,321.16920000,0.00000000,4,14,07/14 01:15:35
116.55497187,39.78668353,0,320.76570000,0.00000000,4,14,07/14 01:15:35
116.55497117,39.78668422,0,319.81310000,0.00000000,4,14,07/14 01:15:35
116.55496972,39.78668557,0,319.11980000,0.00000000,4,15,07/14 01:15:35
116.55496881,39.78668619,0,318.15600000,0.00000000,4,15,07/14 01:15:35
116.55496722,39.78668741,0,317.40680000,0.00000000,4,15,07/14 01:15:35
116.55496646,39.78668808,0,316.16800000,0.00000000,4,15,07/14 01:15:36
116.55496488,39.78668937,0,315.58050000,0.00000000,4,15,07/14 01:15:36
116.55496402,39.78668994,0,314.11040000,0.00000000,4,15,07/14 01:15:36
116.55496243,39.78669114,0,313.25610000,0.00000000,4,15,07/14 01:15:36
116.55496163,39.78669171,0,312.07600000,0.00000000,4,15,07/14 01:15:36
116.55495991,39.78669288,0,311.36610000,0.00000000,4,15,07/14 01:15:36
116.55495904,39.78669346,0,310.15170000,0.00000000,4,15,07/14 01:15:36
116.55495727,39.78669456,0,309.60070000,0.00000000,4,15,07/14 01:15:37
116.55495634,39.78669510,0,308.55990000,0.00000000,4,15,07/14 01:15:37
116.55495463,39.78669616,0,308.23070000,0.00000000,4,15,07/14 01:15:37
116.55495371,39.78669664,0,307.05230000,0.00000000,4,16,07/14 01:15:37
116.55495195,39.78669755,0,306.70860000,0.00000000,4,15,07/14 01:15:37
116.55495113,39.78669811,0,305.73250000,0.00000000,4,15,07/14 01:15:37
116.55494931,39.78669911,0,305.17320000,0.00000000,4,15,07/14 01:15:38
116.55494836,39.78669954,0,304.32010000,0.00000000,4,15,07/14 01:15:38
116.55494648,39.78670045,0,303.92840000,0.00000000,4,15,07/14 01:15:38
116.55494558,39.78670093,0,302.95860000,0.00000000,4,15,07/14 01:15:38
116.55494365,39.78670180,0,302.66090000,0.00000000,4,15,07/14 01:15:38
116.55494271,39.78670219,0,302.92110000,0.00000000,4,15,07/14 01:15:38
116.55494093,39.78670305,0,303.21850000,0.00000000,4,15,07/14 01:15:38
116.55494013,39.78670355,0,303.30840000,0.00000000,4,15,07/14 01:15:39
116.55493829,39.78670457,0,303.26310000,0.00000000,4,15,07/14 01:15:39
116.55493739,39.78670500,0,303.10960000,0.00000000,4,15,07/14 01:15:39
116.55493545,39.78670580,0,303.23800000,0.00000000,4,15,07/14 01:15:39
116.55493452,39.78670626,0,303.12080000,0.00000000,4,15,07/14 01:15:39
116.55493265,39.78670716,0,303.22380000,0.00000000,4,16,07/14 01:15:39
116.55493178,39.78670756,0,302.84870000,0.00000000,4,16,07/14 01:15:39
116.55492994,39.78670843,0,302.90450000,0.00000000,4,16,07/14 01:15:40
116.55492912,39.78670888,0,302.91540000,0.00000000,4,16,07/14 01:15:40
116.55492743,39.78670988,0,302.86380000,0.00000000,4,16,07/14 01:15:40
116.55492646,39.78671030,0,302.55100000,0.00000000,4,16,07/14 01:15:40
116.55492455,39.78671105,0,302.55650000,0.00000000,4,16,07/14 01:15:40
116.55492357,39.78671152,0,302.39300000,0.00000000,4,16,07/14 01:15:40
116.55492177,39.78671242,0,302.42620000,0.00000000,4,16,07/14 01:15:41
116.55492084,39.78671283,0,302.56450000,0.00000000,4,16,07/14 01:15:41
116.55491904,39.78671368,0,302.68670000,0.00000000,4,16,07/14 01:15:41
116.55491821,39.78671415,0,302.49190000,0.00000000,4,16,07/14 01:15:41
116.55491643,39.78671511,0,302.73610000,0.00000000,4,16,07/14 01:15:41
116.55491551,39.78671557,0,303.20740000,0.00000000,4,16,07/14 01:15:41
116.55491363,39.78671640,0,303.64280000,0.00000000,4,16,07/14 01:15:41
116.55491271,39.78671688,0,304.28640000,0.00000000,4,16,07/14 01:15:42
116.55491086,39.78671776,0,304.62860000,0.00000000,4,14,07/14 01:15:42
116.55490990,39.78671817,0,305.20910000,0.00000000,4,14,07/14 01:15:42
116.55490810,39.78671904,0,305.36810000,0.00000000,4,14,07/14 01:15:42
116.55490727,39.78671956,0,305.77670000,0.00000000,4,14,07/14 01:15:42
116.55490555,39.78672065,0,305.88340000,0.00000000,4,14,07/14 01:15:42
116.55490471,39.78672115,0,305.79220000,0.00000000,4,14,07/14 01:15:42
116.55490283,39.78672210,0,305.87380000,0.00000000,4,14,07/14 01:15:43
116.55490189,39.78672258,0,306.14090000,0.00000000,4,14,07/14 01:15:43
116.55490010,39.78672361,0,306.30700000,0.00000000,4,14,07/14 01:15:43
116.55489918,39.78672408,0,306.54220000,0.00000000,4,14,07/14 01:15:43
116.55489739,39.78672506,0,306.64170000,0.00000000,4,14,07/14 01:15:43
116.55489652,39.78672569,0,306.82780000,0.00000000,4,16,07/14 01:15:43
116.55489474,39.78672678,0,306.85900000,0.00000000,4,16,07/14 01:15:44
116.55489381,39.78672728,0,306.79510000,0.00000000,4,16,07/14 01:15:44
116.55489196,39.78672828,0,306.73360000,0.00000000,4,15,07/14 01:15:44
116.55489106,39.78672884,0,306.78800000,0.00000000,4,15,07/14 01:15:44
116.55488928,39.78672992,0,306.68300000,0.00000000,4,15,07/14 01:15:44
116.55488834,39.78673047,0,306.95570000,0.00000000,4,15,07/14 01:15:44
116.55488652,39.78673153,0,306.83240000,0.00000000,4,15,07/14 01:15:44
116.55488562,39.78673203,0,306.85450000,0.00000000,4,15,07/14 01:15:45
116.55488381,39.78673307,0,306.79980000,0.00000000,4,15,07/14 01:15:45
116.55488290,39.78673359,0,307.03410000,0.00000000,4,15,07/14 01:15:45
116.55488110,39.78673463,0,306.89410000,0.00000000,4,15,07/14 01:15:45
116.55488023,39.78673518,0,306.61960000,0.00000000,4,15,07/14 01:15:45
116.55487852,39.78673619,0,306.40640000,0.00000000,4,15,07/14 01:15:45
116.55487767,39.78673663,0,306.41500000,0.00000000,4,15,07/14 01:15:45
116.55487592,39.78673756,0,306.67980000,0.00000000,4,15,07/14 01:15:46
116.55487510,39.78673806,0,306.53660000,0.00000000,4,15,07/14 01:15:46
116.55487342,39.78673913,0,306.53800000,0.00000000,4,15,07/14 01:15:46
116.55487262,39.78673960,0,307.08640000,0.00000000,4,15,07/14 01:15:46
116.55487088,39.78674053,0,307.21750000,0.00000000,4,15,07/14 01:15:46
116.55487002,39.78674097,0,307.79050000,0.00000000,4,15,07/14 01:15:46
116.55486829,39.78674190,0,307.96840000,0.00000000,4,15,07/14 01:15:47
116.55486749,39.78674240,0,307.39180000,0.00000000,4,15,07/14 01:15:47
116.55486585,39.78674337,0,307.13930000,0.00000000,4,14,07/14 01:15:47
116.55486503,39.78674389,0,307.50960000,0.00000000,4,14,07/14 01:15:47
116.55486336,39.78674489,0,307.60930000,0.00000000,4,14,07/14 01:15:47
116.55486248,39.78674541,0,307.54740000,0.00000000,4,15,07/14 01:15:47
116.55486074,39.78674636,0,307.74970000,0.00000000,4,15,07/14 01:15:47
116.55485991,39.78674680,0,307.70450000,0.00000000,4,15,07/14 01:15:48
116.55485819,39.78674781,0,308.79240000,0.00000000,4,14,07/14 01:15:48
116.55485744,39.78674838,0,308.74910000,0.00000000,4,14,07/14 01:15:48
116.55485576,39.78674936,0,308.97710000,0.00000000,4,14,07/14 01:15:48
116.55485490,39.78674982,0,309.08420000,0.00000000,4,14,07/14 01:15:48
116.55485329,39.78675088,0,309.34590000,0.00000000,4,14,07/14 01:15:48
116.55485243,39.78675136,0,309.68570000,0.00000000,4,14,07/14 01:15:48
116.55485068,39.78675238,0,309.72270000,0.00000000,4,14,07/14 01:15:49
116.55484985,39.78675289,0,310.26670000,0.00000000,4,14,07/14 01:15:49
116.55484824,39.78675405,0,310.35170000,0.00000000,4,14,07/14 01:15:49
116.55484741,39.78675456,0,310.89220000,0.00000000,4,14,07/14 01:15:49
116.55484569,39.78675561,0,311.27380000,0.00000000,4,15,07/14 01:15:49
116.55484489,39.78675615,0,311.37530000,0.00000000,4,15,07/14 01:15:49
116.55484329,39.78675725,0,311.71390000,0.00000000,4,15,07/14 01:15:50
116.55484248,39.78675778,0,312.11150000,0.00000000,4,15,07/14 01:15:50
116.55484091,39.78675885,0,312.27570000,0.00000000,4,15,07/14 01:15:50
116.55484011,39.78675942,0,312.74820000,0.00000000,4,15,07/14 01:15:50
116.55483853,39.78676057,0,312.71410000,0.00000000,4,15,07/14 01:15:50
116.55483768,39.78676109,0,313.01060000,0.00000000,4,15,07/14 01:15:50
116.55483613,39.78676223,0,312.99020000,0.00000000,4,15,07/14 01:15:50
116.55483531,39.78676284,0,313.01920000,0.00000000,4,15,07/14 01:15:51
116.55483368,39.78676394,0,313.21390000,0.00000000,4,15,07/14 01:15:51
116.55483286,39.78676453,0,313.37080000,0.00000000,4,15,07/14 01:15:51
116.55483125,39.78676570,0,313.34270000,0.00000000,4,15,07/14 01:15:51
116.55483049,39.78676623,0,313.60570000,0.00000000,4,16,07/14 01:15:51
116.55482887,39.78676736,0,313.67080000,0.00000000,4,16,07/14 01:15:51
116.55482809,39.78676791,0,313.99800000,0.00000000,4,16,07/14 01:15:51
116.55482654,39.78676904,0,314.04670000,0.00000000,4,15,07/14 01:15:52
116.55482576,39.78676963,0,314.77540000,0.00000000,4,15,07/14 01:15:52
116.55482428,39.78677081,0,315.31830000,0.00000000,4,15,07/14 01:15:52
116.55482352,39.78677138,0,315.80090000,0.00000000,4,15,07/14 01:15:52
116.55482198,39.78677249,0,316.33620000,0.00000000,4,15,07/14 01:15:52
116.55482125,39.78677309,0,317.06760000,0.00000000,4,15,07/14 01:15:52
116.55481984,39.78677428,0,317.59240000,0.00000000,4,15,07/14 01:15:53
116.55481912,39.78677485,0,318.37990000,0.00000000,4,15,07/14 01:15:53
116.55481769,39.78677602,0,318.89520000,0.00000000,4,15,07/14 01:15:53
116.55481706,39.78677664,0,319.67780000,0.00000000,4,15,07/14 01:15:53
116.55481574,39.78677786,0,320.33520000,0.00000000,4,15,07/14 01:15:53
116.55481502,39.78677847,0,321.33330000,0.00000000,4,15,07/14 01:15:53
116.55481371,39.78677973,0,322.17640000,0.00000000,4,15,07/14 01:15:53
116.55481307,39.78678039,0,323.28990000,0.00000000,4,15,07/14 01:15:54
116.55481189,39.78678155,0,323.17630000,0.00000000,4,15,07/14 01:15:54
116.55481136,39.78678198,0,323.46210000,0.00000000,4,15,07/14 01:15:54
116.55481070,39.78678270,0,323.41500000,0.00000000,4,15,07/14 01:15:54
116.55481048,39.78678295,0,323.73130000,0.00000000,4,15,07/14 01:15:54
116.55481015,39.78678327,0,323.72490000,0.00000000,4,15,07/14 01:15:54
116.55481003,39.78678335,0,323.54170000,0.00000000,4,15,07/14 01:15:54
116.55481026,39.78678317,0,323.46950000,0.00000000,4,15,07/14 01:15:55
116.55481030,39.78678307,0,323.62880000,0.00000000,4,15,07/14 01:15:55
116.55481023,39.78678322,0,323.58820000,0.00000000,4,15,07/14 01:15:55
116.55481019,39.78678313,0,323.77070000,0.00000000,4,13,07/14 01:16:00
116.55481029,39.78678319,0,323.49830000,0.00000000,4,14,07/14 01:16:02
116.55481022,39.78678311,0,323.41540000,0.00000000,4,14,07/14 01:16:05
116.55481026,39.78678320,0,323.28320000,0.00000000,4,12,07/14 01:16:09
116.55481013,39.78678324,0,323.58050000,0.00000000,4,11,07/14 01:16:09
116.55480998,39.78678320,0,323.94660000,0.00000000,4,7,07/14 01:16:10
116.55481010,39.78678324,0,323.26810000,0.00000000,4,14,07/14 01:16:12
116.55481004,39.78678315,0,323.84830000,0.00000000,4,15,07/14 01:16:17
116.55481005,39.78678325,0,323.52530000,0.00000000,4,15,07/14 01:16:28
116.55481030,39.78678320,0,323.78660000,0.00000000,4,15,07/14 01:16:33
116.55481024,39.78678312,0,323.93580000,0.00000000,4,15,07/14 01:16:36
116.55481027,39.78678321,0,323.69940000,0.00000000,4,16,07/14 01:16:38
116.55481026,39.78678310,0,323.50060000,0.00000000,4,16,07/14 01:16:41
116.55481035,39.78678318,0,323.25120000,0.00000000,4,17,07/14 01:16:42
116.55481022,39.78678316,0,323.98320000,0.00000000,4,17,07/14 01:16:45
116.55481032,39.78678324,0,323.65300000,0.00000000,4,17,07/14 01:16:48
116.55481024,39.78678316,0,323.72800000,0.00000000,4,16,07/14 01:16:48
116.55481032,39.78678327,0,323.80340000,0.00000000,4,16,07/14 01:16:50
116.55481023,39.78678315,0,323.63590000,0.00000000,4,15,07/14 01:16:51
116.55481029,39.78678325,0,323.48720000,0.00000000,4,18,07/14 01:16:56
116.55481017,39.78678318,0,323.94850000,0.00000000,4,16,07/14 01:16:57
116.55481032,39.78678317,0,323.77260000,0.00000000,4,14,07/14 01:17:00
116.55481028,39.78678326,0,323.78740000,0.00000000,4,13,07/14 01:17:02
116.55481038,39.78678333,0,323.57980000,0.00000000,4,14,07/14 01:17:04
116.55481033,39.78678324,0,323.59180000,0.00000000,4,15,07/14 01:17:06
116.55481009,39.78678325,0,323.64890000,0.00000000,4,14,07/14 01:17:06
116.55481020,39.78678318,0,324.19460000,0.00000000,4,14,07/14 01:17:07
116.55481006,39.78678310,0,324.00810000,0.00000000,4,12,07/14 01:17:08
116.55481020,39.78678307,0,323.78810000,0.00000000,4,11,07/14 01:17:10
116.55481028,39.78678318,0,323.98280000,0.00000000,4,14,07/14 01:17:11
116.55481016,39.78678320,0,323.49540000,0.00000000,4,14,07/14 01:17:11
116.55481009,39.78678309,0,324.06250000,0.00000000,4,12,07/14 01:17:13
116.55481017,39.78678316,0,323.70880000,0.00000000,4,13,07/14 01:17:13
116.55481021,39.78678326,0,323.47790000,0.00000000,4,13,07/14 01:17:15
116.55481045,39.78678331,0,323.49190000,0.00000000,4,14,07/14 01:17:16
116.55481037,39.78678322,0,323.90640000,0.00000000,4,14,07/14 01:17:18
116.55481039,39.78678313,0,323.87520000,0.00000000,4,13,07/14 01:17:20
116.55481050,39.78678317,0,323.58260000,0.00000000,4,15,07/14 01:17:21
116.55481040,39.78678310,0,323.56240000,0.00000000,4,14,07/14 01:17:22
116.55481040,39.78678323,0,323.69960000,0.00000000,4,13,07/14 01:17:23
116.55481013,39.78678324,0,323.82660000,0.00000000,4,12,07/14 01:17:24
116.55481038,39.78678327,0,323.41280000,0.00000000,4,14,07/14 01:17:26
116.55481018,39.78678337,0,324.17280000,0.00000000,4,14,07/14 01:17:27
116.55481027,39.78678327,0,324.11550000,0.00000000,4,13,07/14 01:17:29
116.55481039,39.78678325,0,323.78750000,0.00000000,4,14,07/14 01:17:30
116.55481040,39.78678313,0,323.48700000,0.00000000,4,14,07/14 01:17:30
116.55481053,39.78678310,0,323.78880000,0.00000000,4,14,07/14 01:17:31
116.55481048,39.78678319,0,323.43410000,0.00000000,4,14,07/14 01:17:32
116.55481032,39.78678313,0,323.87890000,0.00000000,4,13,07/14 01:17:32
116.55481016,39.78678316,0,323.95860000,0.00000000,4,13,07/14 01:17:33
116.55481032,39.78678317,0,324.04430000,0.00000000,4,13,07/14 01:17:33
116.55481021,39.78678320,0,323.90570000,0.00000000,4,14,07/14 01:17:33
116.55481032,39.78678316,0,323.53810000,0.00000000,4,14,07/14 01:17:36
116.55481048,39.78678320,0,322.87910000,0.00000000,4,15,07/14 01:17:37
116.55481053,39.78678312,0,323.00630000,0.00000000,4,15,07/14 01:17:40
116.55481055,39.78678326,0,322.87840000,0.00000000,4,14,07/14 01:17:40
116.55481048,39.78678318,0,323.69020000,0.00000000,4,16,07/14 01:17:41
116.55481046,39.78678328,0,323.58290000,0.00000000,4,16,07/14 01:17:42
116.55481027,39.78678322,0,324.09930000,0.00000000,4,13,07/14 01:17:45
116.55481043,39.78678322,0,323.45300000,0.00000000,4,15,07/14 01:17:46
116.55481052,39.78678316,0,323.38960000,0.00000000,4,15,07/14 01:17:50
116.55481039,39.78678320,0,323.65740000,0.00000000,4,15,07/14 01:17:51
116.55481016,39.78678302,0,324.11590000,0.00000000,4,14,07/14 01:17:52
116.55481008,39.78678309,0,323.89460000,0.00000000,4,11,07/14 01:17:52
116.55481029,39.78678324,0,323.86130000,0.00000000,4,15,07/14 01:17:53
116.55481041,39.78678325,0,323.44160000,0.00000000,4,13,07/14 01:17:54
116.55481019,39.78678308,0,323.57400000,0.00000000,4,11,07/14 01:17:55
116.55481011,39.78678318,0,323.48730000,0.00000000,4,11,07/14 01:17:56
116.55481021,39.78678312,0,323.62420000,0.00000000,4,11,07/14 01:17:56
116.55481001,39.78678328,0,323.59080000,0.00000000,4,10,07/14 01:17:56
116.55481041,39.78678325,0,323.51040000,0.00000000,4,13,07/14 01:17:56
116.55481028,39.78678326,0,323.50620000,0.00000000,4,16,07/14 01:18:04
116.55481019,39.78678319,0,323.45250000,0.00000000,4,15,07/14 01:18:05
116.55481038,39.78678329,0,323.27340000,0.00000000,4,15,07/14 01:18:06
116.55481011,39.78678331,0,323.32960000,0.00000000,4,14,07/14 01:18:06
116.55481037,39.78678326,0,323.51610000,0.00000000,4,17,07/14 01:18:11
116.55481010,39.78678311,0,323.58000000,0.00000000,4,15,07/14 01:18:11
116.55481015,39.78678320,0,323.62650000,0.00000000,4,14,07/14 01:18:13
116.55481035,39.78678323,0,323.52760000,0.00000000,4,16,07/14 01:18:13
116.55481013,39.78678320,0,323.68160000,0.00000000,4,15,07/14 01:18:14
116.55481023,39.78678326,0,323.74190000,0.00000000,4,16,07/14 01:18:17
116.55481014,39.78678320,0,323.83960000,0.00000000,4,14,07/14 01:18:20
116.55481026,39.78678318,0,324.22340000,0.00000000,4,14,07/14 01:18:23
116.55481012,39.78678318,0,324.23110000,0.00000000,4,13,07/14 01:18:23
116.55481023,39.78678322,0,323.76050000,0.00000000,4,16,07/14 01:18:25
116.55481025,39.78678331,0,323.47150000,0.00000000,4,17,07/14 01:18:37
116.55481029,39.78678321,0,323.65730000,0.00000000,4,15,07/14 01:18:39
116.55481019,39.78678316,0,323.89260000,0.00000000,4,14,07/14 01:18:40
116.55481027,39.78678308,0,323.96990000,0.00000000,4,14,07/14 01:18:41
116.55481023,39.78678317,0,323.78280000,0.00000000,4,15,07/14 01:18:41
116.55481028,39.78678325,0,323.82590000,0.00000000,4,16,07/14 01:18:44
116.55481040,39.78678319,0,323.66100000,0.00000000,4,17,07/14 01:18:47
116.55481026,39.78678324,0,323.72310000,0.00000000,4,16,07/14 01:18:48
116.55481031,39.78678333,0,323.93880000,0.00000000,4,13,07/14 01:18:57
116.55481023,39.78678323,0,324.01230000,0.00000000,4,15,07/14 01:18:57
116.55481027,39.78678333,0,324.02340000,0.00000000,4,13,07/14 01:18:58
116.55481023,39.78678324,0,323.99820000,0.00000000,4,16,07/14 01:19:03
116.55481033,39.78678319,0,323.61100000,0.00000000,4,14,07/14 01:19:25
116.55481027,39.78678328,0,323.69900000,0.00000000,4,15,07/14 01:19:25
116.55481036,39.78678335,0,324.00530000,0.00000000,4,14,07/14 01:19:34
116.55481030,39.78678327,0,323.73720000,0.00000000,4,15,07/14 01:19:36
116.55481036,39.78678335,0,323.67850000,0.00000000,4,15,07/14 01:19:38
116.55481032,39.78678327,0,323.54220000,0.00000000,4,16,07/14 01:19:40
116.55481029,39.78678318,0,323.48670000,0.00000000,4,11,07/14 01:19:49
116.55481033,39.78678328,0,323.55970000,0.00000000,4,16,07/14 01:19:49
116.55481019,39.78678333,0,324.07930000,0.00000000,4,15,07/14 01:19:50
116.55481008,39.78678344,0,324.05230000,0.00000000,4,15,07/14 01:19:50
116.55480981,39.78678375,0,324.04930000,0.00000000,4,15,07/14 01:19:50
116.55480964,39.78678387,0,323.54920000,0.00000000,4,15,07/14 01:19:50
116.55480929,39.78678425,0,323.52420000,0.00000000,4,15,07/14 01:19:50
116.55480906,39.78678448,0,323.45420000,0.00000000,4,15,07/14 01:19:51
116.55480851,39.78678502,0,323.35340000,0.00000000,4,15,07/14 01:19:51
116.55480822,39.78678533,0,323.33600000,0.00000000,4,15,07/14 01:19:51
116.55480759,39.78678603,0,323.25220000,0.00000000,4,15,07/14 01:19:51
116.55480720,39.78678639,0,323.25670000,0.00000000,4,15,07/14 01:19:51
116.55480634,39.78678713,0,323.18370000,0.00000000,4,15,07/14 01:19:51
116.55480594,39.78678752,0,323.15220000,0.00000000,4,15,07/14 01:19:51
116.55480514,39.78678839,0,323.20100000,0.00000000,4,15,07/14 01:19:52
116.55480470,39.78678881,0,323.16570000,0.00000000,4,15,07/14 01:19:52
116.55480382,39.78678969,0,323.15490000,0.00000000,4,14,07/14 01:19:52
116.55480331,39.78679009,0,322.95420000,0.00000000,4,14,07/14 01:19:52
116.55480250,39.78679119,0,322.86040000,0.00000000,4,15,07/14 01:19:52
116.55480203,39.78679160,0,322.85530000,0.00000000,4,15,07/14 01:19:52
116.55480105,39.78679254,0,322.78120000,0.00000000,4,15,07/14 01:19:53
116.55480058,39.78679304,0,322.94180000,0.00000000,4,15,07/14 01:19:53
116.55479961,39.78679400,0,322.65850000,0.00000000,4,15,07/14 01:19:53
116.55479908,39.78679442,0,322.62980000,0.00000000,4,15,07/14 01:19:53
116.55479809,39.78679542,0,322.49550000,0.00000000,4,15,07/14 01:19:53
116.55479763,39.78679589,0,322.64710000,0.00000000,4,15,07/14 01:19:53
116.55479663,39.78679689,0,322.86390000,0.00000000,4,14,07/14 01:19:53
116.55479613,39.78679736,0,322.89180000,0.00000000,4,14,07/14 01:19:54
116.55479510,39.78679827,0,322.66450000,0.00000000,4,14,07/14 01:19:54
116.55479465,39.78679876,0,322.08220000,0.00000000,4,14,07/14 01:19:54
116.55479382,39.78679955,0,321.91530000,0.00000000,4,14,07/14 01:19:54
116.55479348,39.78679988,0,322.18360000,0.00000000,4,14,07/14 01:19:54
116.55479290,39.78680047,0,322.27930000,0.00000000,4,15,07/14 01:19:54
116.55479266,39.78680072,0,322.58290000,0.00000000,4,15,07/14 01:19:54
116.55479221,39.78680115,0,322.75370000,0.00000000,4,15,07/14 01:19:55
116.55479197,39.78680138,0,322.87320000,0.00000000,4,15,07/14 01:19:55
116.55479148,39.78680187,0,322.88920000,0.00000000,4,15,07/14 01:19:55
116.55479127,39.78680208,0,322.98710000,0.00000000,4,15,07/14 01:19:55
116.55479070,39.78680266,0,322.93240000,0.00000000,4,15,07/14 01:19:55
116.55479039,39.78680299,0,323.22430000,0.00000000,4,15,07/14 01:19:55
116.55478969,39.78680368,0,323.34740000,0.00000000,4,15,07/14 01:19:56
116.55478946,39.78680396,0,323.24800000,0.00000000,4,15,07/14 01:19:56
116.55478906,39.78680433,0,323.50730000,0.00000000,4,15,07/14 01:19:56
116.55478883,39.78680446,0,323.32520000,0.00000000,4,15,07/14 01:19:56
116.55478858,39.78680470,0,323.31710000,0.00000000,4,15,07/14 01:19:56
116.55478848,39.78680483,0,323.27800000,0.00000000,4,15,07/14 01:19:56
116.55478828,39.78680503,0,323.35590000,0.00000000,4,15,07/14 01:19:56
116.55478819,39.78680513,0,323.41910000,0.00000000,4,15,07/14 01:19:57
116.55478794,39.78680540,0,323.75440000,0.00000000,4,15,07/14 01:19:57
116.55478777,39.78680560,0,323.79840000,0.00000000,4,15,07/14 01:19:57
116.55478737,39.78680596,0,323.88820000,0.00000000,4,15,07/14 01:19:57
116.55478713,39.78680621,0,324.26720000,0.00000000,4,15,07/14 01:19:57
116.55478670,39.78680670,0,324.35750000,0.00000000,4,15,07/14 01:19:57
116.55478641,39.78680700,0,324.78590000,0.00000000,4,15,07/14 01:19:57
116.55478599,39.78680748,0,324.84220000,0.00000000,4,15,07/14 01:19:58
116.55478578,39.78680762,0,325.18780000,0.00000000,4,15,07/14 01:19:58
116.55478558,39.78680785,0,325.04610000,0.00000000,4,15,07/14 01:19:58
116.55478544,39.78680802,0,325.23860000,0.00000000,4,15,07/14 01:19:58
116.55478537,39.78680820,0,324.87190000,0.00000000,4,14,07/14 01:19:59
116.55478527,39.78680826,0,325.73320000,0.00000000,4,13,07/14 01:20:00
116.55478532,39.78680840,0,326.04670000,0.00000000,4,10,07/14 01:20:02
116.55478521,39.78680837,0,325.61510000,0.00000000,4,10,07/14 01:20:03
116.55478516,39.78680828,0,325.76400000,0.00000000,4,15,07/14 01:20:06
116.55478513,39.78680838,0,325.39870000,0.00000000,4,15,07/14 01:20:10
116.55478519,39.78680828,0,325.49200000,0.00000000,4,15,07/14 01:20:11
116.55478519,39.78680818,0,325.15970000,0.00000000,4,14,07/14 01:20:13
