116.55478518,39.78680823,0,325.72410000,0.00000000,4,15,07/14 01:33:47
116.55478521,39.78680814,0,325.41120000,0.00000000,4,13,07/14 01:33:49
116.55478522,39.78680827,0,325.52860000,0.00000000,4,14,07/14 01:33:53
116.55478509,39.78680830,0,325.50280000,0.00000000,4,14,07/14 01:33:55
116.55478528,39.78680828,0,325.37500000,0.00000000,4,14,07/14 01:33:56
116.55478521,39.78680821,0,325.51760000,0.00000000,4,16,07/14 01:34:03
116.55478524,39.78680833,0,324.91960000,0.00000000,4,14,07/14 01:34:13
116.55478519,39.78680822,0,325.16500000,0.00000000,4,16,07/14 01:34:14
116.55478524,39.78680831,0,325.20150000,0.00000000,4,14,07/14 01:34:21
116.55478516,39.78680822,0,325.15120000,0.00000000,4,15,07/14 01:34:26
116.55478503,39.78680826,0,325.37130000,0.00000000,4,14,07/14 01:34:28
116.55478515,39.78680829,0,325.40690000,0.00000000,4,12,07/14 01:34:30
116.55478531,39.78680831,0,325.01620000,0.00000000,4,8,07/14 01:34:31
116.55478540,39.78680824,0,324.32260000,0.00000000,4,9,07/14 01:34:32
116.55478515,39.78680828,0,325.38450000,0.00000000,4,12,07/14 01:34:34
116.55478522,39.78680837,0,324.20010000,0.00000000,4,10,07/14 01:34:35
116.55478543,39.78680842,0,324.50870000,0.00000000,4,9,07/14 01:34:35
116.55478520,39.78680829,0,325.21190000,0.00000000,4,13,07/14 01:34:36
116.55478523,39.78680839,0,324.57350000,0.00000000,4,12,07/14 01:34:37
116.55478513,39.78680833,0,325.05930000,0.00000000,4,14,07/14 01:34:41
116.55478521,39.78680822,0,324.89830000,0.00000000,4,12,07/14 01:34:43
116.55478517,39.78680832,0,324.28320000,0.00000000,4,12,07/14 01:34:45
116.55478506,39.78680836,0,323.87780000,0.00000000,4,12,07/14 01:34:45
116.55478498,39.78680849,0,323.58060000,0.00000000,4,12,07/14 01:34:45
116.55478492,39.78680858,0,323.03000000,0.00000000,4,12,07/14 01:34:45
116.55478476,39.78680871,0,322.58240000,0.00000000,4,12,07/14 01:34:45
116.55478464,39.78680880,0,321.82410000,0.00000000,4,12,07/14 01:34:46
116.55478453,39.78680902,0,321.22840000,0.00000000,4,12,07/14 01:34:46
116.55478436,39.78680915,0,319.97160000,0.00000000,4,12,07/14 01:34:46
116.55478403,39.78680942,0,319.27460000,0.00000000,4,12,07/14 01:34:46
116.55478379,39.78680964,0,318.00720000,0.00000000,4,14,07/14 01:34:46
116.55478342,39.78681000,0,316.83210000,0.00000000,4,14,07/14 01:34:46
116.55478316,39.78681022,0,315.12210000,0.00000000,4,14,07/14 01:34:46
116.55478267,39.78681061,0,313.88210000,0.00000000,4,14,07/14 01:34:47
116.55478237,39.78681074,0,312.29330000,0.00000000,4,14,07/14 01:34:47
116.55478172,39.78681115,0,311.08730000,0.00000000,4,14,07/14 01:34:47
116.55478138,39.78681135,0,308.56300000,0.00000000,4,14,07/14 01:34:47
116.55478059,39.78681173,0,307.49220000,0.00000000,4,14,07/14 01:34:47
116.55478029,39.78681190,0,304.86220000,0.00000000,4,14,07/14 01:34:47
116.55477953,39.78681224,0,303.50200000,0.00000000,4,14,07/14 01:34:48
116.55477912,39.78681241,0,301.04320000,0.00000000,4,14,07/14 01:34:48
116.55477841,39.78681276,0,299.62630000,0.00000000,4,14,07/14 01:34:48
116.55477804,39.78681291,0,297.03960000,0.00000000,4,14,07/14 01:34:48
116.55477723,39.78681314,0,295.76790000,0.00000000,4,14,07/14 01:34:48
116.55477690,39.78681320,0,293.38370000,0.00000000,4,14,07/14 01:34:48
116.55477621,39.78681341,0,292.33500000,0.00000000,4,15,07/14 01:34:48
116.55477583,39.78681356,0,289.92340000,0.00000000,4,15,07/14 01:34:49
116.55477512,39.78681369,0,288.89720000,0.00000000,4,15,07/14 01:34:49
116.55477475,39.78681377,0,286.75530000,0.00000000,4,15,07/14 01:34:49
116.55477400,39.78681391,0,285.73820000,0.00000000,4,15,07/14 01:34:49
116.55477365,39.78681401,0,283.40630000,0.00000000,4,15,07/14 01:34:49
116.55477295,39.78681412,0,282.54180000,0.00000000,4,15,07/14 01:34:49
116.55477258,39.78681418,0,280.17390000,0.00000000,4,15,07/14 01:34:49
116.55477187,39.78681424,0,278.95260000,0.00000000,4,15,07/14 01:34:50
116.55477151,39.78681426,0,276.79430000,0.00000000,4,15,07/14 01:34:50
116.55477080,39.78681433,0,275.81830000,0.00000000,4,15,07/14 01:34:50
116.55477039,39.78681436,0,273.89480000,0.00000000,4,15,07/14 01:34:50
116.55476965,39.78681443,0,272.96770000,0.00000000,4,15,07/14 01:34:50
116.55476921,39.78681435,0,272.10780000,0.00000000,4,15,07/14 01:34:50
116.55476833,39.78681438,0,271.94440000,0.00000000,4,15,07/14 01:34:51
116.55476790,39.78681442,0,271.57580000,0.00000000,4,15,07/14 01:34:51
116.55476710,39.78681439,0,271.56730000,0.00000000,4,15,07/14 01:34:51
116.55476667,39.78681438,0,271.47560000,0.00000000,4,14,07/14 01:34:51
116.55476581,39.78681440,0,271.43580000,0.00000000,4,14,07/14 01:34:51
116.55476533,39.78681440,0,270.78050000,0.00000000,4,14,07/14 01:34:51
116.55476453,39.78681439,0,270.54870000,0.00000000,4,14,07/14 01:34:51
116.55476404,39.78681438,0,269.47240000,0.00000000,4,14,07/14 01:34:52
116.55476322,39.78681442,0,268.66730000,0.00000000,4,14,07/14 01:34:52
116.55476285,39.78681435,0,266.33040000,0.00000000,4,14,07/14 01:34:52
116.55476205,39.78681426,0,265.36040000,0.00000000,4,14,07/14 01:34:52
116.55476166,39.78681427,0,263.03130000,0.00000000,4,14,07/14 01:34:52
116.55476089,39.78681425,0,261.97110000,0.00000000,4,13,07/14 01:34:52
116.55476055,39.78681417,0,259.69640000,0.00000000,4,13,07/14 01:34:52
116.55475984,39.78681402,0,258.87220000,0.00000000,4,13,07/14 01:34:53
116.55475950,39.78681396,0,256.78910000,0.00000000,4,13,07/14 01:34:53
116.55475879,39.78681385,0,255.78770000,0.00000000,4,13,07/14 01:34:53
116.55475846,39.78681375,0,253.81890000,0.00000000,4,13,07/14 01:34:53
116.55475786,39.78681357,0,252.88750000,0.00000000,4,13,07/14 01:34:53
116.55475753,39.78681347,0,251.13330000,0.00000000,4,13,07/14 01:34:53
116.55475680,39.78681331,0,250.47870000,0.00000000,4,13,07/14 01:34:54
116.55475644,39.78681316,0,249.85350000,0.00000000,4,13,07/14 01:34:54
116.55475577,39.78681292,0,249.66310000,0.00000000,4,13,07/14 01:34:54
116.55475540,39.78681282,0,249.12500000,0.00000000,4,13,07/14 01:34:54
116.55475461,39.78681264,0,248.99270000,0.00000000,4,15,07/14 01:34:54
116.55475423,39.78681247,0,249.03110000,0.00000000,4,15,07/14 01:34:54
116.55475349,39.78681217,0,249.01770000,0.00000000,4,15,07/14 01:34:54
116.55475314,39.78681204,0,248.67120000,0.00000000,4,15,07/14 01:34:55
116.55475245,39.78681187,0,248.50110000,0.00000000,4,15,07/14 01:34:55
116.55475209,39.78681174,0,248.26990000,0.00000000,4,15,07/14 01:34:55
116.55475135,39.78681146,0,247.85190000,0.00000000,4,15,07/14 01:34:55
116.55475098,39.78681136,0,246.43980000,0.00000000,4,15,07/14 01:34:55
116.55475033,39.78681112,0,245.61600000,0.00000000,4,15,07/14 01:34:55
116.55475000,39.78681102,0,243.71440000,0.00000000,4,15,07/14 01:34:55
116.55474937,39.78681070,0,242.74630000,0.00000000,4,15,07/14 01:34:56
116.55474906,39.78681054,0,240.94080000,0.00000000,4,15,07/14 01:34:56
116.55474847,39.78681025,0,239.99000000,0.00000000,4,15,07/14 01:34:56
116.55474817,39.78681010,0,238.20260000,0.00000000,4,15,07/14 01:34:56
116.55474752,39.78680982,0,237.39220000,0.00000000,4,15,07/14 01:34:56
116.55474722,39.78680969,0,235.83510000,0.00000000,4,15,07/14 01:34:56
116.55474669,39.78680935,0,235.09080000,0.00000000,4,15,07/14 01:34:57
116.55474645,39.78680918,0,233.44740000,0.00000000,4,15,07/14 01:34:57
116.55474577,39.78680888,0,232.47020000,0.00000000,4,15,07/14 01:34:57
116.55474545,39.78680867,0,230.56230000,0.00000000,4,15,07/14 01:34:57
116.55474497,39.78680822,0,229.52810000,0.00000000,4,15,07/14 01:34:57
116.55474479,39.78680799,0,227.97220000,0.00000000,4,15,07/14 01:34:57
116.55474430,39.78680760,0,227.06320000,0.00000000,4,15,07/14 01:34:57
116.55474402,39.78680743,0,225.24580000,0.00000000,4,15,07/14 01:34:58
116.55474346,39.78680703,0,224.12680000,0.00000000,4,15,07/14 01:34:58
116.55474323,39.78680679,0,222.23600000,0.00000000,4,15,07/14 01:34:58
116.55474270,39.78680638,0,221.12830000,0.00000000,4,15,07/14 01:34:58
116.55474240,39.78680614,0,218.86750000,0.00000000,4,15,07/14 01:34:58
116.55474196,39.78680555,0,217.78720000,0.00000000,4,14,07/14 01:34:58
116.55474175,39.78680526,0,215.30740000,0.00000000,4,14,07/14 01:34:58
116.55474126,39.78680468,0,214.14330000,0.00000000,4,14,07/14 01:34:59
116.55474096,39.78680440,0,211.57750000,0.00000000,4,14,07/14 01:34:59
116.55474045,39.78680369,0,210.20340000,0.00000000,4,14,07/14 01:34:59
116.55474025,39.78680332,0,207.13460000,0.00000000,4,14,07/14 01:34:59
116.55473984,39.78680266,0,205.69960000,0.00000000,4,13,07/14 01:34:59
116.55473962,39.78680231,0,203.06500000,0.00000000,4,13,07/14 01:34:59
116.55473923,39.78680149,0,201.57140000,0.00000000,4,13,07/14 01:35:00
116.55473909,39.78680112,0,198.64090000,0.00000000,4,13,07/14 01:35:00
116.55473879,39.78680036,0,197.03940000,0.00000000,4,13,07/14 01:35:00
116.55473860,39.78679989,0,193.83090000,0.00000000,4,13,07/14 01:35:00
116.55473834,39.78679902,0,192.17150000,0.00000000,4,13,07/14 01:35:00
116.55473834,39.78679862,0,188.81030000,0.00000000,4,14,07/14 01:35:00
116.55473820,39.78679770,0,187.07360000,0.00000000,4,14,07/14 01:35:00
116.55473812,39.78679726,0,183.80180000,0.00000000,4,14,07/14 01:35:01
116.55473811,39.78679630,0,182.07150000,0.00000000,4,14,07/14 01:35:01
116.55473821,39.78679584,0,178.91120000,0.00000000,4,14,07/14 01:35:01
116.55473830,39.78679491,0,177.06600000,0.00000000,4,14,07/14 01:35:01
116.55473830,39.78679438,0,173.53360000,0.00000000,4,14,07/14 01:35:01
116.55473848,39.78679338,0,171.59290000,0.00000000,4,13,07/14 01:35:01
116.55473871,39.78679290,0,167.84990000,0.00000000,4,13,07/14 01:35:01
116.55473905,39.78679193,0,166.04520000,0.00000000,4,13,07/14 01:35:02
116.55473920,39.78679147,0,162.27030000,0.00000000,4,13,07/14 01:35:02
116.55473960,39.78679044,0,160.28620000,0.00000000,4,13,07/14 01:35:02
116.55473991,39.78678999,0,156.52170000,0.00000000,4,13,07/14 01:35:02
116.55474060,39.78678913,0,154.78300000,0.00000000,4,14,07/14 01:35:02
116.55474095,39.78678865,0,151.06060000,0.00000000,4,14,07/14 01:35:02
116.55474163,39.78678771,0,148.85690000,0.00000000,4,14,07/14 01:35:03
116.55474198,39.78678727,0,144.51550000,0.00000000,4,14,07/14 01:35:03
116.55474289,39.78678649,0,142.69840000,0.00000000,4,14,07/14 01:35:03
116.55474343,39.78678604,0,139.37520000,0.00000000,4,14,07/14 01:35:03
116.55474444,39.78678517,0,138.04980000,0.00000000,4,14,07/14 01:35:03
116.55474498,39.78678473,0,136.34080000,0.00000000,4,14,07/14 01:35:03
116.55474596,39.78678390,0,136.10730000,0.00000000,4,14,07/14 01:35:03
116.55474650,39.78678348,0,135.47120000,0.00000000,4,14,07/14 01:35:04
116.55474764,39.78678264,0,135.60280000,0.00000000,4,13,07/14 01:35:04
116.55474819,39.78678221,0,135.47210000,0.00000000,4,13,07/14 01:35:04
116.55474932,39.78678137,0,135.35380000,0.00000000,4,13,07/14 01:35:04
116.55474989,39.78678097,0,135.24100000,0.00000000,4,13,07/14 01:35:04
116.55475101,39.78678006,0,135.05910000,0.00000000,4,13,07/14 01:35:04
116.55475156,39.78677967,0,135.01860000,0.00000000,4,13,07/14 01:35:04
116.55475271,39.78677876,0,134.86770000,0.00000000,4,13,07/14 01:35:05
116.55475325,39.78677834,0,134.75760000,0.00000000,4,13,07/14 01:35:05
116.55475443,39.78677751,0,134.62530000,0.00000000,4,13,07/14 01:35:05
116.55475504,39.78677716,0,134.46140000,0.00000000,4,13,07/14 01:35:05
116.55475616,39.78677629,0,134.18320000,0.00000000,4,14,07/14 01:35:05
116.55475678,39.78677589,0,134.26540000,0.00000000,4,14,07/14 01:35:05
116.55475788,39.78677503,0,133.81630000,0.00000000,4,14,07/14 01:35:06
116.55475845,39.78677465,0,133.70380000,0.00000000,4,14,07/14 01:35:06
116.55475960,39.78677390,0,133.45370000,0.00000000,4,14,07/14 01:35:06
116.55476019,39.78677344,0,133.19800000,0.00000000,4,14,07/14 01:35:06
116.55476122,39.78677268,0,132.94710000,0.00000000,4,14,07/14 01:35:06
116.55476175,39.78677231,0,132.58500000,0.00000000,4,14,07/14 01:35:06
116.55476296,39.78677160,0,132.59750000,0.00000000,4,14,07/14 01:35:06
116.55476355,39.78677123,0,132.35390000,0.00000000,4,14,07/14 01:35:07
116.55476466,39.78677045,0,132.40700000,0.00000000,4,14,07/14 01:35:07
116.55476523,39.78677002,0,131.82530000,0.00000000,4,14,07/14 01:35:07
116.55476642,39.78676924,0,131.79730000,0.00000000,4,14,07/14 01:35:07
116.55476707,39.78676889,0,131.44860000,0.00000000,4,14,07/14 01:35:07
116.55476830,39.78676808,0,131.18620000,0.00000000,4,14,07/14 01:35:07
116.55476890,39.78676764,0,130.89350000,0.00000000,4,14,07/14 01:35:07
116.55477011,39.78676687,0,130.79180000,0.00000000,4,14,07/14 01:35:08
116.55477080,39.78676647,0,130.56940000,0.00000000,4,14,07/14 01:35:08
116.55477205,39.78676568,0,130.53670000,0.00000000,4,14,07/14 01:35:08
116.55477267,39.78676523,0,130.09900000,0.00000000,4,14,07/14 01:35:08
116.55477395,39.78676440,0,129.86530000,0.00000000,4,15,07/14 01:35:08
116.55477462,39.78676403,0,129.83160000,0.00000000,4,15,07/14 01:35:08
116.55477596,39.78676324,0,129.70620000,0.00000000,4,15,07/14 01:35:09
116.55477661,39.78676282,0,129.46350000,0.00000000,4,15,07/14 01:35:09
116.55477788,39.78676197,0,129.45550000,0.00000000,4,15,07/14 01:35:09
116.55477852,39.78676161,0,130.60370000,0.00000000,4,15,07/14 01:35:09
116.55477982,39.78676075,0,131.04640000,0.00000000,4,15,07/14 01:35:09
116.55478039,39.78676031,0,132.66280000,0.00000000,4,15,07/14 01:35:09
116.55478164,39.78675937,0,132.99350000,0.00000000,4,15,07/14 01:35:09
116.55478228,39.78675897,0,134.49590000,0.00000000,4,15,07/14 01:35:10
116.55478349,39.78675814,0,135.18140000,0.00000000,4,15,07/14 01:35:10
116.55478412,39.78675767,0,136.73300000,0.00000000,4,15,07/14 01:35:10
116.55478522,39.78675672,0,137.63170000,0.00000000,4,15,07/14 01:35:10
116.55478579,39.78675627,0,138.90690000,0.00000000,4,15,07/14 01:35:10
116.55478689,39.78675528,0,139.71560000,0.00000000,4,15,07/14 01:35:10
116.55478741,39.78675480,0,141.52410000,0.00000000,4,15,07/14 01:35:10
116.55478844,39.78675377,0,141.89410000,0.00000000,4,15,07/14 01:35:11
116.55478894,39.78675325,0,142.25890000,0.00000000,4,15,07/14 01:35:11
116.55478997,39.78675228,0,142.74890000,0.00000000,4,15,07/14 01:35:11
116.55479049,39.78675178,0,142.67360000,0.00000000,4,15,07/14 01:35:11
116.55479148,39.78675083,0,142.93070000,0.00000000,4,15,07/14 01:35:11
116.55479199,39.78675030,0,143.03820000,0.00000000,4,15,07/14 01:35:11
116.55479296,39.78674932,0,143.16250000,0.00000000,4,15,07/14 01:35:12
116.55479351,39.78674879,0,143.40180000,0.00000000,4,15,07/14 01:35:12
116.55479444,39.78674780,0,143.38000000,0.00000000,4,15,07/14 01:35:12
116.55479497,39.78674733,0,143.67550000,0.00000000,4,15,07/14 01:35:12
116.55479594,39.78674633,0,143.63480000,0.00000000,4,15,07/14 01:35:12
116.55479640,39.78674581,0,143.66150000,0.00000000,4,15,07/14 01:35:12
116.55479733,39.78674485,0,143.50370000,0.00000000,4,15,07/14 01:35:12
116.55479784,39.78674433,0,143.67630000,0.00000000,4,15,07/14 01:35:13
116.55479883,39.78674340,0,143.84740000,0.00000000,4,15,07/14 01:35:13
116.55479927,39.78674289,0,143.90600000,0.00000000,4,15,07/14 01:35:13
116.55480021,39.78674186,0,144.04870000,0.00000000,4,15,07/14 01:35:13
116.55480069,39.78674138,0,144.05080000,0.00000000,4,15,07/14 01:35:13
116.55480169,39.78674040,0,144.25470000,0.00000000,4,14,07/14 01:35:13
116.55480214,39.78673991,0,143.94400000,0.00000000,4,14,07/14 01:35:13
116.55480310,39.78673887,0,144.02220000,0.00000000,4,14,07/14 01:35:14
116.55480360,39.78673835,0,144.17620000,0.00000000,4,14,07/14 01:35:14
116.55480460,39.78673745,0,144.29280000,0.00000000,4,14,07/14 01:35:14
116.55480505,39.78673695,0,144.33280000,0.00000000,4,14,07/14 01:35:14
116.55480588,39.78673590,0,144.08570000,0.00000000,4,14,07/14 01:35:14
116.55480637,39.78673541,0,143.46750000,0.00000000,4,14,07/14 01:35:14
116.55480743,39.78673450,0,143.12850000,0.00000000,4,14,07/14 01:35:15
116.55480794,39.78673400,0,142.23560000,0.00000000,4,14,07/14 01:35:15
116.55480886,39.78673307,0,141.87050000,0.00000000,4,14,07/14 01:35:15
116.55480937,39.78673261,0,141.21810000,0.00000000,4,14,07/14 01:35:15
116.55481045,39.78673168,0,140.60400000,0.00000000,4,14,07/14 01:35:15
116.55481098,39.78673123,0,139.57020000,0.00000000,4,15,07/14 01:35:15
116.55481197,39.78673031,0,139.42900000,0.00000000,4,15,07/14 01:35:15
116.55481248,39.78672984,0,138.47940000,0.00000000,4,15,07/14 01:35:16
116.55481358,39.78672899,0,137.99770000,0.00000000,4,15,07/14 01:35:16
116.55481412,39.78672858,0,137.17370000,0.00000000,4,15,07/14 01:35:16
116.55481524,39.78672767,0,136.87300000,0.00000000,4,15,07/14 01:35:16
116.55481577,39.78672723,0,136.17760000,0.00000000,4,16,07/14 01:35:16
116.55481690,39.78672638,0,135.87900000,0.00000000,4,16,07/14 01:35:16
116.55481753,39.78672596,0,134.91660000,0.00000000,4,16,07/14 01:35:16
116.55481871,39.78672512,0,134.79210000,0.00000000,4,16,07/14 01:35:17
116.55481930,39.78672469,0,134.18310000,0.00000000,4,16,07/14 01:35:17
116.55482047,39.78672382,0,133.89940000,0.00000000,4,16,07/14 01:35:17
116.55482108,39.78672341,0,132.97910000,0.00000000,4,16,07/14 01:35:17
116.55482226,39.78672262,0,132.70680000,0.00000000,4,16,07/14 01:35:17
116.55482289,39.78672220,0,131.96140000,0.00000000,4,16,07/14 01:35:17
116.55482413,39.78672136,0,131.74280000,0.00000000,4,16,07/14 01:35:18
116.55482479,39.78672101,0,131.05590000,0.00000000,4,16,07/14 01:35:18
116.55482606,39.78672014,0,130.58410000,0.00000000,4,15,07/14 01:35:18
116.55482670,39.78671975,0,129.88020000,0.00000000,4,15,07/14 01:35:18
116.55482797,39.78671889,0,129.66770000,0.00000000,4,15,07/14 01:35:18
116.55482861,39.78671849,0,128.88950000,0.00000000,4,15,07/14 01:35:18
116.55483000,39.78671773,0,128.51710000,0.00000000,4,15,07/14 01:35:18
116.55483072,39.78671735,0,128.01810000,0.00000000,4,15,07/14 01:35:19
116.55483199,39.78671656,0,127.78460000,0.00000000,4,15,07/14 01:35:19
116.55483269,39.78671611,0,127.11310000,0.00000000,4,15,07/14 01:35:19
116.55483412,39.78671541,0,126.86250000,0.00000000,4,15,07/14 01:35:19
116.55483485,39.78671507,0,126.43000000,0.00000000,4,15,07/14 01:35:19
116.55483620,39.78671429,0,125.98320000,0.00000000,4,15,07/14 01:35:19
116.55483686,39.78671386,0,125.21640000,0.00000000,4,15,07/14 01:35:19
116.55483829,39.78671317,0,125.01000000,0.00000000,4,15,07/14 01:35:20
116.55483902,39.78671281,0,124.25480000,0.00000000,4,15,07/14 01:35:20
116.55484040,39.78671215,0,123.92780000,0.00000000,4,15,07/14 01:35:20
116.55484109,39.78671178,0,122.96940000,0.00000000,4,15,07/14 01:35:20
116.55484253,39.78671109,0,122.49890000,0.00000000,4,15,07/14 01:35:20
116.55484324,39.78671083,0,121.77840000,0.00000000,4,15,07/14 01:35:20
116.55484469,39.78671015,0,121.11060000,0.00000000,4,15,07/14 01:35:21
116.55484539,39.78670979,0,120.00420000,0.00000000,4,15,07/14 01:35:21
116.55484678,39.78670918,0,119.50400000,0.00000000,4,15,07/14 01:35:21
116.55484753,39.78670892,0,118.50030000,0.00000000,4,15,07/14 01:35:21
116.55484898,39.78670845,0,117.88700000,0.00000000,4,14,07/14 01:35:21
116.55484970,39.78670813,0,117.11240000,0.00000000,4,14,07/14 01:35:21
116.55485114,39.78670752,0,116.50320000,0.00000000,4,14,07/14 01:35:21
116.55485190,39.78670729,0,115.19300000,0.00000000,4,14,07/14 01:35:22
116.55485344,39.78670685,0,114.53630000,0.00000000,4,14,07/14 01:35:22
116.55485422,39.78670657,0,113.33390000,0.00000000,4,14,07/14 01:35:22
116.55485585,39.78670598,0,112.64190000,0.00000000,4,14,07/14 01:35:22
116.55485667,39.78670579,0,111.37380000,0.00000000,4,14,07/14 01:35:22
116.55485834,39.78670537,0,110.61810000,0.00000000,4,13,07/14 01:35:22
116.55485919,39.78670515,0,109.23200000,0.00000000,4,13,07/14 01:35:22
116.55486089,39.78670464,0,108.20430000,0.00000000,4,13,07/14 01:35:23
116.55486177,39.78670450,0,106.86450000,0.00000000,4,13,07/14 01:35:23
116.55486356,39.78670419,0,106.09020000,0.00000000,4,13,07/14 01:35:23
116.55486451,39.78670400,0,104.81250000,0.00000000,4,13,07/14 01:35:23
116.55486638,39.78670360,0,103.91420000,0.00000000,4,14,07/14 01:35:23
116.55486726,39.78670343,0,102.96810000,0.00000000,4,14,07/14 01:35:23
116.55486918,39.78670323,0,102.55850000,0.00000000,4,14,07/14 01:35:24
116.55487010,39.78670299,0,101.43000000,0.00000000,4,14,07/14 01:35:24
116.55487202,39.78670267,0,100.84320000,0.00000000,4,14,07/14 01:35:24
116.55487296,39.78670264,0,100.07480000,0.00000000,4,14,07/14 01:35:24
116.55487493,39.78670240,0,99.57620000,0.00000000,4,14,07/14 01:35:24
116.55487587,39.78670226,0,98.41530000,0.00000000,4,14,07/14 01:35:24
116.55487783,39.78670203,0,97.92380000,0.00000000,4,14,07/14 01:35:24
116.55487881,39.78670201,0,97.16220000,0.00000000,4,14,07/14 01:35:25
116.55488081,39.78670183,0,96.69440000,0.00000000,4,14,07/14 01:35:25
116.55488180,39.78670172,0,95.77310000,0.00000000,4,14,07/14 01:35:25
116.55488382,39.78670157,0,95.12610000,0.00000000,4,14,07/14 01:35:25
116.55488486,39.78670152,0,94.17760000,0.00000000,4,14,07/14 01:35:25
116.55488689,39.78670137,0,93.73610000,0.00000000,4,14,07/14 01:35:25
116.55488794,39.78670130,0,92.98540000,0.00000000,4,14,07/14 01:35:25
116.55489003,39.78670131,0,92.28590000,0.00000000,4,14,07/14 01:35:26
116.55489101,39.78670133,0,90.78210000,0.00000000,4,14,07/14 01:35:26
116.55489308,39.78670131,0,90.27240000,0.00000000,4,14,07/14 01:35:26
116.55489414,39.78670135,0,88.80510000,0.00000000,4,14,07/14 01:35:26
116.55489616,39.78670153,0,88.32070000,0.00000000,4,16,07/14 01:35:26
116.55489717,39.78670158,0,87.07860000,0.00000000,4,16,07/14 01:35:26
116.55489929,39.78670166,0,86.36930000,0.00000000,4,15,07/14 01:35:27
116.55490026,39.78670176,0,84.98290000,0.00000000,4,15,07/14 01:35:27
116.55490234,39.78670195,0,84.65050000,0.00000000,4,15,07/14 01:35:27
116.55490334,39.78670201,0,83.72630000,0.00000000,4,15,07/14 01:35:27
116.55490539,39.78670225,0,83.23210000,0.00000000,4,15,07/14 01:35:27
116.55490644,39.78670238,0,82.38470000,0.00000000,4,15,07/14 01:35:27
116.55490848,39.78670265,0,81.83820000,0.00000000,4,15,07/14 01:35:27
116.55490950,39.78670280,0,81.25210000,0.00000000,4,15,07/14 01:35:28
116.55491148,39.78670309,0,80.84090000,0.00000000,4,15,07/14 01:35:28
116.55491247,39.78670324,0,79.78260000,0.00000000,4,15,07/14 01:35:28
116.55491443,39.78670355,0,79.40730000,0.00000000,4,15,07/14 01:35:28
116.55491554,39.78670368,0,78.60080000,0.00000000,4,16,07/14 01:35:28
116.55491757,39.78670407,0,78.25130000,0.00000000,4,16,07/14 01:35:28
116.55491857,39.78670427,0,78.64290000,0.00000000,4,16,07/14 01:35:28
116.55492064,39.78670457,0,79.41050000,0.00000000,4,16,07/14 01:35:29
116.55492163,39.78670471,0,83.05490000,0.00000000,4,16,07/14 01:35:29
116.55492353,39.78670493,0,84.66240000,0.00000000,4,16,07/14 01:35:29
116.55492456,39.78670499,0,87.79790000,0.00000000,4,16,07/14 01:35:29
116.55492651,39.78670508,0,89.14320000,0.00000000,4,16,07/14 01:35:29
116.55492749,39.78670502,0,92.27540000,0.00000000,4,16,07/14 01:35:29
116.55492941,39.78670479,0,93.85210000,0.00000000,4,16,07/14 01:35:30
116.55493036,39.78670480,0,97.60950000,0.00000000,4,16,07/14 01:35:30
116.55493234,39.78670463,0,99.18640000,0.00000000,4,16,07/14 01:35:30
116.55493327,39.78670446,0,102.26120000,0.00000000,4,16,07/14 01:35:30
116.55493506,39.78670408,0,103.94000000,0.00000000,4,15,07/14 01:35:30
116.55493609,39.78670391,0,107.61240000,0.00000000,4,15,07/14 01:35:30
116.55493799,39.78670359,0,109.36900000,0.00000000,4,15,07/14 01:35:30
116.55493900,39.78670337,0,112.35300000,0.00000000,4,15,07/14 01:35:31
116.55494070,39.78670275,0,113.68680000,0.00000000,4,15,07/14 01:35:31
116.55494155,39.78670236,0,116.61980000,0.00000000,4,15,07/14 01:35:31
116.55494324,39.78670170,0,118.21740000,0.00000000,4,15,07/14 01:35:31
116.55494407,39.78670138,0,122.04050000,0.00000000,4,15,07/14 01:35:31
116.55494552,39.78670058,0,123.52450000,0.00000000,4,15,07/14 01:35:31
116.55494630,39.78670017,0,127.07370000,0.00000000,4,15,07/14 01:35:31
116.55494782,39.78669928,0,128.43500000,0.00000000,4,15,07/14 01:35:32
116.55494853,39.78669889,0,131.22020000,0.00000000,4,15,07/14 01:35:32
116.55494973,39.78669805,0,131.78310000,0.00000000,4,14,07/14 01:35:32
116.55495013,39.78669774,0,132.66230000,0.00000000,4,14,07/14 01:35:32
116.55495085,39.78669734,0,133.15090000,0.00000000,4,15,07/14 01:35:32
116.55495108,39.78669720,0,133.94770000,0.00000000,4,15,07/14 01:35:32
116.55495126,39.78669693,0,134.01620000,0.00000000,4,13,07/14 01:35:33
116.55495102,39.78669713,0,134.02030000,0.00000000,4,13,07/14 01:35:33
116.55495106,39.78669722,0,133.73440000,0.00000000,4,12,07/14 01:35:34
116.55495111,39.78669733,0,134.02240000,0.00000000,4,14,07/14 01:35:35
116.55495101,39.78669739,0,133.84640000,0.00000000,4,14,07/14 01:35:36
116.55495104,39.78669750,0,133.96930000,0.00000000,4,14,07/14 01:35:38
116.55495103,39.78669739,0,133.95940000,0.00000000,4,15,07/14 01:35:38
116.55495104,39.78669727,0,134.06920000,0.00000000,4,15,07/14 01:35:40
116.55495127,39.78669713,0,133.89090000,0.00000000,4,15,07/14 01:35:41
116.55495138,39.78669706,0,134.11590000,0.00000000,4,15,07/14 01:35:41
116.55495175,39.78669682,0,134.15850000,0.00000000,4,15,07/14 01:35:41
116.55495197,39.78669667,0,134.52270000,0.00000000,4,15,07/14 01:35:41
116.55495260,39.78669614,0,134.81100000,0.00000000,4,15,07/14 01:35:41
116.55495295,39.78669581,0,135.34230000,0.00000000,4,15,07/14 01:35:41
116.55495377,39.78669517,0,135.78730000,0.00000000,4,15,07/14 01:35:42
116.55495425,39.78669483,0,136.30050000,0.00000000,4,15,07/14 01:35:42
116.55495516,39.78669395,0,136.58720000,0.00000000,4,15,07/14 01:35:42
116.55495570,39.78669350,0,137.75490000,0.00000000,4,15,07/14 01:35:42
116.55495694,39.78669260,0,138.33560000,0.00000000,4,15,07/14 01:35:42
116.55495756,39.78669210,0,139.52430000,0.00000000,4,15,07/14 01:35:42
116.55495862,39.78669103,0,140.09950000,0.00000000,4,15,07/14 01:35:42
116.55495920,39.78669045,0,141.48650000,0.00000000,4,15,07/14 01:35:43
116.55496052,39.78668942,0,142.16130000,0.00000000,4,14,07/14 01:35:43
116.55496105,39.78668892,0,142.85690000,0.00000000,4,14,07/14 01:35:43
116.55496183,39.78668807,0,143.15100000,0.00000000,4,13,07/14 01:35:43
116.55496214,39.78668767,0,143.36500000,0.00000000,4,13,07/14 01:35:43
116.55496268,39.78668701,0,143.37840000,0.00000000,4,13,07/14 01:35:43
116.55496305,39.78668679,0,143.15600000,0.00000000,4,13,07/14 01:35:43
116.55496359,39.78668636,0,143.22880000,0.00000000,4,13,07/14 01:35:44
116.55496368,39.78668615,0,143.31900000,0.00000000,4,13,07/14 01:35:44
116.55496399,39.78668572,0,143.31590000,0.00000000,4,13,07/14 01:35:44
116.55496426,39.78668553,0,143.06740000,0.00000000,4,13,07/14 01:35:44
116.55496475,39.78668515,0,143.48970000,0.00000000,4,13,07/14 01:35:44
116.55496505,39.78668492,0,143.44510000,0.00000000,4,14,07/14 01:35:44
116.55496564,39.78668426,0,143.40440000,0.00000000,4,14,07/14 01:35:45
116.55496600,39.78668390,0,143.23510000,0.00000000,4,14,07/14 01:35:45
116.55496691,39.78668304,0,143.31150000,0.00000000,4,14,07/14 01:35:45
116.55496742,39.78668259,0,143.37540000,0.00000000,4,14,07/14 01:35:45
116.55496859,39.78668148,0,143.22490000,0.00000000,4,14,07/14 01:35:45
116.55496921,39.78668085,0,142.84240000,0.00000000,4,15,07/14 01:35:45
116.55497052,39.78667950,0,142.96740000,0.00000000,4,15,07/14 01:35:45
116.55497126,39.78667870,0,142.39050000,0.00000000,4,15,07/14 01:35:46
116.55497287,39.78667717,0,142.55130000,0.00000000,4,14,07/14 01:35:46
116.55497384,39.78667633,0,142.20970000,0.00000000,4,14,07/14 01:35:46
116.55497570,39.78667461,0,141.76270000,0.00000000,4,14,07/14 01:35:46
116.55497669,39.78667371,0,141.73760000,0.00000000,4,14,07/14 01:35:46
116.55497855,39.78667190,0,141.33930000,0.00000000,4,14,07/14 01:35:46
116.55497957,39.78667083,0,141.09230000,0.00000000,4,14,07/14 01:35:46
116.55498172,39.78666875,0,140.76160000,0.00000000,4,14,07/14 01:35:47
116.55498285,39.78666779,0,140.07330000,0.00000000,4,14,07/14 01:35:47
116.55498525,39.78666588,0,139.93180000,0.00000000,4,14,07/14 01:35:47
116.55498635,39.78666481,0,139.54090000,0.00000000,4,14,07/14 01:35:47
116.55498854,39.78666262,0,139.34840000,0.00000000,4,14,07/14 01:35:47
116.55498975,39.78666164,0,138.73360000,0.00000000,4,14,07/14 01:35:47
116.55499224,39.78665974,0,138.50230000,0.00000000,4,13,07/14 01:35:48
116.55499341,39.78665870,0,138.28390000,0.00000000,4,13,07/14 01:35:48
116.55499551,39.78665679,0,138.23700000,0.00000000,4,13,07/14 01:35:48
116.55499650,39.78665597,0,138.08000000,0.00000000,4,13,07/14 01:35:48
116.55499845,39.78665434,0,137.98330000,0.00000000,4,14,07/14 01:35:48
116.55499938,39.78665363,0,137.88130000,0.00000000,4,14,07/14 01:35:48
116.55500107,39.78665216,0,137.72120000,0.00000000,4,13,07/14 01:35:48
116.55500181,39.78665148,0,137.76980000,0.00000000,4,13,07/14 01:35:49
116.55500339,39.78665022,0,137.79840000,0.00000000,4,13,07/14 01:35:49
116.55500414,39.78664954,0,138.36680000,0.00000000,4,13,07/14 01:35:49
116.55500568,39.78664822,0,138.57300000,0.00000000,4,12,07/14 01:35:49
116.55500647,39.78664760,0,139.26080000,0.00000000,4,12,07/14 01:35:49
116.55500788,39.78664632,0,139.27410000,0.00000000,4,12,07/14 01:35:49
116.55500867,39.78664562,0,140.05960000,0.00000000,4,13,07/14 01:35:49
116.55501014,39.78664431,0,140.69570000,0.00000000,4,13,07/14 01:35:50
116.55501092,39.78664360,0,142.17600000,0.00000000,4,13,07/14 01:35:50
116.55501237,39.78664193,0,142.97130000,0.00000000,4,12,07/14 01:35:50
116.55501317,39.78664114,0,144.21540000,0.00000000,4,12,07/14 01:35:50
116.55501476,39.78663944,0,144.21950000,0.00000000,4,12,07/14 01:35:50
116.55501562,39.78663861,0,144.63390000,0.00000000,4,12,07/14 01:35:50
116.55501735,39.78663690,0,144.75250000,0.00000000,4,13,07/14 01:35:51
116.55501818,39.78663594,0,145.06570000,0.00000000,4,13,07/14 01:35:51
116.55501995,39.78663416,0,145.07910000,0.00000000,4,13,07/14 01:35:51
116.55502079,39.78663317,0,145.24310000,0.00000000,4,13,07/14 01:35:51
116.55502255,39.78663121,0,145.35570000,0.00000000,4,13,07/14 01:35:51
116.55502351,39.78663024,0,145.31630000,0.00000000,4,13,07/14 01:35:51
116.55502541,39.78662831,0,145.32590000,0.00000000,4,13,07/14 01:35:51
116.55502632,39.78662727,0,145.41740000,0.00000000,4,13,07/14 01:35:52
116.55502817,39.78662516,0,145.44140000,0.00000000,4,13,07/14 01:35:52
116.55502913,39.78662413,0,145.12250000,0.00000000,4,13,07/14 01:35:52
116.55503128,39.78662205,0,145.22310000,0.00000000,4,13,07/14 01:35:52
116.55503225,39.78662099,0,144.96900000,0.00000000,4,13,07/14 01:35:52
116.55503420,39.78661887,0,144.86980000,0.00000000,4,13,07/14 01:35:52
116.55503522,39.78661777,0,144.44650000,0.00000000,4,13,07/14 01:35:52
116.55503735,39.78661572,0,144.40590000,0.00000000,4,13,07/14 01:35:53
116.55503841,39.78661464,0,143.95480000,0.00000000,4,13,07/14 01:35:53
116.55504031,39.78661256,0,143.90340000,0.00000000,4,13,07/14 01:35:53
116.55504132,39.78661144,0,143.56160000,0.00000000,4,13,07/14 01:35:53
116.55504345,39.78660945,0,143.59520000,0.00000000,4,13,07/14 01:35:53
116.55504449,39.78660848,0,143.31020000,0.00000000,4,13,07/14 01:35:53
116.55504639,39.78660654,0,143.07300000,0.00000000,4,13,07/14 01:35:54
116.55504722,39.78660564,0,142.93810000,0.00000000,4,13,07/14 01:35:54
116.55504876,39.78660406,0,142.70530000,0.00000000,4,13,07/14 01:35:54
116.55504939,39.78660348,0,142.61910000,0.00000000,4,13,07/14 01:35:54
116.55505028,39.78660277,0,142.43820000,0.00000000,4,13,07/14 01:35:54
116.55505052,39.78660248,0,142.25470000,0.00000000,4,14,07/14 01:35:54
116.55505085,39.78660208,0,142.26480000,0.00000000,4,14,07/14 01:35:54
116.55505065,39.78660233,0,142.29250000,0.00000000,4,14,07/14 01:35:55
116.55505073,39.78660223,0,142.28720000,0.00000000,4,14,07/14 01:35:55
116.55505093,39.78660206,0,142.19290000,0.00000000,4,14,07/14 01:35:56
116.55505105,39.78660194,0,142.16410000,0.00000000,4,14,07/14 01:35:56
116.55505128,39.78660168,0,142.21970000,0.00000000,4,14,07/14 01:35:56
116.55505143,39.78660157,0,142.12070000,0.00000000,4,14,07/14 01:35:56
116.55505168,39.78660129,0,142.03710000,0.00000000,4,15,07/14 01:35:56
116.55505183,39.78660116,0,142.02870000,0.00000000,4,15,07/14 01:35:56
116.55505221,39.78660085,0,142.01000000,0.00000000,4,15,07/14 01:35:57
116.55505235,39.78660065,0,141.73250000,0.00000000,4,15,07/14 01:35:57
116.55505270,39.78660031,0,141.71230000,0.00000000,4,15,07/14 01:35:57
116.55505289,39.78660020,0,141.56230000,0.00000000,4,15,07/14 01:35:57
116.55505331,39.78659958,0,141.41370000,0.00000000,4,16,07/14 01:35:57
116.55505355,39.78659939,0,141.67420000,0.00000000,4,16,07/14 01:35:57
116.55505407,39.78659895,0,141.88300000,0.00000000,4,16,07/14 01:35:57
116.55505435,39.78659872,0,142.06130000,0.00000000,4,16,07/14 01:35:58
116.55505498,39.78659815,0,141.66860000,0.00000000,4,16,07/14 01:35:58
116.55505523,39.78659785,0,141.43060000,0.00000000,4,16,07/14 01:35:58
116.55505589,39.78659719,0,141.57220000,0.00000000,4,16,07/14 01:35:58
116.55505628,39.78659681,0,141.25930000,0.00000000,4,16,07/14 01:35:58
116.55505712,39.78659607,0,141.37370000,0.00000000,4,16,07/14 01:35:58
116.55505754,39.78659572,0,140.92400000,0.00000000,4,16,07/14 01:35:58
116.55505833,39.78659498,0,140.95070000,0.00000000,4,15,07/14 01:35:59
116.55505877,39.78659455,0,140.70670000,0.00000000,4,15,07/14 01:35:59
116.55505962,39.78659379,0,140.79910000,0.00000000,4,15,07/14 01:35:59
116.55506007,39.78659346,0,141.34480000,0.00000000,4,15,07/14 01:35:59
116.55506079,39.78659270,0,141.48650000,0.00000000,4,15,07/14 01:35:59
116.55506115,39.78659230,0,141.95470000,0.00000000,4,15,07/14 01:35:59
116.55506189,39.78659160,0,141.94870000,0.00000000,4,15,07/14 01:36:00
116.55506227,39.78659126,0,142.44830000,0.00000000,4,15,07/14 01:36:00
116.55506301,39.78659046,0,142.68990000,0.00000000,4,15,07/14 01:36:00
116.55506340,39.78659006,0,143.53140000,0.00000000,4,15,07/14 01:36:00
116.55506424,39.78658927,0,143.39450000,0.00000000,4,15,07/14 01:36:00
116.55506467,39.78658876,0,144.37140000,0.00000000,4,16,07/14 01:36:00
116.55506545,39.78658786,0,144.54700000,0.00000000,4,16,07/14 01:36:00
116.55506589,39.78658748,0,144.86180000,0.00000000,4,15,07/14 01:36:01
116.55506678,39.78658664,0,144.74080000,0.00000000,4,14,07/14 01:36:01
116.55506721,39.78658619,0,144.86830000,0.00000000,4,14,07/14 01:36:01
116.55506797,39.78658535,0,145.08690000,0.00000000,4,14,07/14 01:36:01
116.55506842,39.78658491,0,145.25410000,0.00000000,4,14,07/14 01:36:01
116.55506920,39.78658415,0,145.29180000,0.00000000,4,14,07/14 01:36:01
116.55506958,39.78658375,0,145.01130000,0.00000000,4,14,07/14 01:36:01
116.55507032,39.78658295,0,145.08320000,0.00000000,4,14,07/14 01:36:02
116.55507074,39.78658248,0,145.24620000,0.00000000,4,14,07/14 01:36:02
116.55507161,39.78658163,0,145.51460000,0.00000000,4,14,07/14 01:36:02
116.55507201,39.78658118,0,145.52770000,0.00000000,4,14,07/14 01:36:02
116.55507275,39.78658017,0,145.79980000,0.00000000,4,16,07/14 01:36:02
116.55507311,39.78657979,0,145.94770000,0.00000000,4,16,07/14 01:36:02
116.55507398,39.78657894,0,146.56080000,0.00000000,4,16,07/14 01:36:03
116.55507434,39.78657850,0,147.03740000,0.00000000,4,16,07/14 01:36:03
116.55507506,39.78657760,0,147.25420000,0.00000000,4,15,07/14 01:36:03
116.55507546,39.78657719,0,147.70630000,0.00000000,4,15,07/14 01:36:03
116.55507622,39.78657640,0,148.25280000,0.00000000,4,15,07/14 01:36:03
116.55507656,39.78657595,0,149.12060000,0.00000000,4,15,07/14 01:36:03
116.55507724,39.78657506,0,149.24340000,0.00000000,4,15,07/14 01:36:03
116.55507765,39.78657466,0,149.51230000,0.00000000,4,15,07/14 01:36:04
116.55507836,39.78657365,0,149.59350000,0.00000000,4,15,07/14 01:36:04
116.55507875,39.78657311,0,149.70660000,0.00000000,4,15,07/14 01:36:04
116.55507955,39.78657224,0,149.75710000,0.00000000,4,15,07/14 01:36:04
116.55507995,39.78657170,0,149.76550000,0.00000000,4,15,07/14 01:36:04
116.55508070,39.78657076,0,149.78080000,0.00000000,4,14,07/14 01:36:04
116.55508104,39.78657027,0,149.96980000,0.00000000,4,14,07/14 01:36:04
116.55508184,39.78656937,0,150.05970000,0.00000000,4,14,07/14 01:36:05
116.55508221,39.78656892,0,150.12160000,0.00000000,4,14,07/14 01:36:05
116.55508286,39.78656802,0,150.09930000,0.00000000,4,14,07/14 01:36:05
116.55508325,39.78656753,0,150.44080000,0.00000000,4,14,07/14 01:36:05
116.55508404,39.78656658,0,150.24290000,0.00000000,4,14,07/14 01:36:05
116.55508441,39.78656599,0,150.33800000,0.00000000,4,14,07/14 01:36:05
116.55508524,39.78656489,0,150.50470000,0.00000000,4,14,07/14 01:36:06
116.55508569,39.78656438,0,150.53270000,0.00000000,4,14,07/14 01:36:06
116.55508653,39.78656324,0,150.45800000,0.00000000,4,14,07/14 01:36:06
116.55508699,39.78656272,0,150.58290000,0.00000000,4,14,07/14 01:36:06
116.55508792,39.78656147,0,150.49500000,0.00000000,4,15,07/14 01:36:06
116.55508840,39.78656096,0,150.35480000,0.00000000,4,15,07/14 01:36:06
116.55508928,39.78655974,0,150.07940000,0.00000000,4,15,07/14 01:36:06
116.55508973,39.78655910,0,149.76540000,0.00000000,4,15,07/14 01:36:07
116.55509061,39.78655787,0,149.41520000,0.00000000,4,15,07/14 01:36:07
116.55509116,39.78655722,0,149.46120000,0.00000000,4,15,07/14 01:36:07
116.55509220,39.78655589,0,149.46010000,0.00000000,4,15,07/14 01:36:07
116.55509272,39.78655523,0,149.26840000,0.00000000,4,15,07/14 01:36:07
116.55509381,39.78655410,0,149.07440000,0.00000000,4,14,07/14 01:36:07
116.55509435,39.78655342,0,149.17870000,0.00000000,4,14,07/14 01:36:07
116.55509537,39.78655216,0,149.39170000,0.00000000,4,14,07/14 01:36:08
116.55509588,39.78655148,0,149.14340000,0.00000000,4,14,07/14 01:36:08
116.55509690,39.78655011,0,148.90060000,0.00000000,4,13,07/14 01:36:08
116.55509746,39.78654943,0,149.08660000,0.00000000,4,13,07/14 01:36:08
116.55509859,39.78654805,0,149.08220000,0.00000000,4,13,07/14 01:36:08
116.55509919,39.78654740,0,149.39840000,0.00000000,4,14,07/14 01:36:08
116.55510035,39.78654601,0,148.92500000,0.00000000,4,14,07/14 01:36:09
116.55510093,39.78654533,0,148.82120000,0.00000000,4,14,07/14 01:36:09
116.55510197,39.78654393,0,148.97180000,0.00000000,4,14,07/14 01:36:09
116.55510252,39.78654321,0,149.40370000,0.00000000,4,14,07/14 01:36:09
116.55510366,39.78654183,0,149.63550000,0.00000000,4,15,07/14 01:36:09
116.55510420,39.78654110,0,150.76500000,0.00000000,4,15,07/14 01:36:09
116.55510529,39.78653961,0,151.24380000,0.00000000,4,15,07/14 01:36:09
116.55510583,39.78653891,0,152.63690000,0.00000000,4,14,07/14 01:36:10
116.55510686,39.78653754,0,153.82520000,0.00000000,4,14,07/14 01:36:10
116.55510724,39.78653678,0,156.31290000,0.00000000,4,14,07/14 01:36:10
116.55510807,39.78653529,0,157.20380000,0.00000000,4,14,07/14 01:36:10
116.55510858,39.78653459,0,160.06790000,0.00000000,4,14,07/14 01:36:10
116.55510915,39.78653296,0,160.98910000,0.00000000,4,15,07/14 01:36:10
116.55510946,39.78653214,0,161.20010000,0.00000000,4,15,07/14 01:36:10
116.55511038,39.78653067,0,161.49950000,0.00000000,4,15,07/14 01:36:11
116.55511073,39.78652989,0,161.39050000,0.00000000,4,15,07/14 01:36:11
116.55511126,39.78652831,0,161.76390000,0.00000000,4,15,07/14 01:36:11
116.55511157,39.78652756,0,161.80580000,0.00000000,4,15,07/14 01:36:11
116.55511239,39.78652610,0,161.81540000,0.00000000,4,15,07/14 01:36:11
116.55511281,39.78652524,0,161.83190000,0.00000000,4,14,07/14 01:36:11
116.55511339,39.78652374,0,161.58000000,0.00000000,4,13,07/14 01:36:12
116.55511377,39.78652300,0,161.76080000,0.00000000,4,13,07/14 01:36:12
116.55511459,39.78652155,0,161.61710000,0.00000000,4,13,07/14 01:36:12
116.55511492,39.78652072,0,161.83200000,0.00000000,4,13,07/14 01:36:12
116.55511548,39.78651917,0,161.84390000,0.00000000,4,13,07/14 01:36:12
116.55511581,39.78651841,0,161.55160000,0.00000000,4,13,07/14 01:36:12
116.55511660,39.78651693,0,161.65100000,0.00000000,4,13,07/14 01:36:12
116.55511691,39.78651613,0,162.21850000,0.00000000,4,13,07/14 01:36:13
116.55511762,39.78651455,0,162.60820000,0.00000000,4,13,07/14 01:36:13
116.55511786,39.78651382,0,163.52350000,0.00000000,4,13,07/14 01:36:13
116.55511845,39.78651226,0,163.98610000,0.00000000,4,13,07/14 01:36:13
116.55511877,39.78651150,0,165.99030000,0.00000000,4,13,07/14 01:36:13
116.55511924,39.78650995,0,166.93940000,0.00000000,4,13,07/14 01:36:13
116.55511942,39.78650920,0,168.70590000,0.00000000,4,14,07/14 01:36:13
116.55511987,39.78650763,0,169.42160000,0.00000000,4,14,07/14 01:36:14
116.55512012,39.78650686,0,171.51800000,0.00000000,4,14,07/14 01:36:14
116.55512041,39.78650524,0,172.61540000,0.00000000,4,14,07/14 01:36:14
116.55512050,39.78650446,0,174.59260000,0.00000000,4,14,07/14 01:36:14
116.55512074,39.78650287,0,175.48180000,0.00000000,4,15,07/14 01:36:14
116.55512090,39.78650208,0,177.50860000,0.00000000,4,15,07/14 01:36:14
116.55512101,39.78650051,0,178.93110000,0.00000000,4,15,07/14 01:36:15
116.55512099,39.78649968,0,181.57550000,0.00000000,4,15,07/14 01:36:15
116.55512100,39.78649808,0,183.02930000,0.00000000,4,15,07/14 01:36:15
116.55512086,39.78649730,0,185.29870000,0.00000000,4,15,07/14 01:36:15
116.55512049,39.78649575,0,186.70330000,0.00000000,4,15,07/14 01:36:15
116.55512038,39.78649494,0,188.10930000,0.00000000,4,15,07/14 01:36:15
116.55512017,39.78649331,0,188.29920000,0.00000000,4,15,07/14 01:36:15
116.55512010,39.78649253,0,188.54930000,0.00000000,4,15,07/14 01:36:16
116.55511973,39.78649084,0,188.71050000,0.00000000,4,14,07/14 01:36:16
116.55511963,39.78649001,0,188.77780000,0.00000000,4,14,07/14 01:36:16
116.55511940,39.78648851,0,189.11450000,0.00000000,4,14,07/14 01:36:16
116.55511905,39.78648773,0,189.15230000,0.00000000,4,14,07/14 01:36:16
116.55511873,39.78648606,0,189.02120000,0.00000000,4,14,07/14 01:36:16
116.55511870,39.78648527,0,189.54330000,0.00000000,4,14,07/14 01:36:16
116.55511831,39.78648378,0,189.52500000,0.00000000,4,14,07/14 01:36:17
116.55511813,39.78648289,0,189.62580000,0.00000000,4,14,07/14 01:36:17
116.55511793,39.78648130,0,189.62550000,0.00000000,4,14,07/14 01:36:17
116.55511781,39.78648048,0,189.68030000,0.00000000,4,13,07/14 01:36:17
116.55511743,39.78647890,0,189.87340000,0.00000000,4,15,07/14 01:36:17
116.55511722,39.78647811,0,189.97170000,0.00000000,4,15,07/14 01:36:17
116.55511693,39.78647638,0,190.11180000,0.00000000,4,15,07/14 01:36:18
116.55511672,39.78647555,0,189.95270000,0.00000000,4,15,07/14 01:36:18
116.55511637,39.78647404,0,190.09170000,0.00000000,4,15,07/14 01:36:18
116.55511628,39.78647321,0,190.37510000,0.00000000,4,15,07/14 01:36:18
116.55511598,39.78647155,0,190.18420000,0.00000000,4,15,07/14 01:36:18
116.55511580,39.78647078,0,190.42590000,0.00000000,4,15,07/14 01:36:18
116.55511541,39.78646918,0,190.49950000,0.00000000,4,15,07/14 01:36:18
116.55511523,39.78646842,0,190.52050000,0.00000000,4,15,07/14 01:36:19
116.55511480,39.78646673,0,190.48590000,0.00000000,4,14,07/14 01:36:19
116.55511467,39.78646599,0,190.59530000,0.00000000,4,14,07/14 01:36:19
116.55511436,39.78646441,0,190.58600000,0.00000000,4,14,07/14 01:36:19
116.55511420,39.78646363,0,190.72050000,0.00000000,4,14,07/14 01:36:19
116.55511384,39.78646202,0,190.78140000,0.00000000,4,14,07/14 01:36:19
116.55511366,39.78646115,0,190.66350000,0.00000000,4,14,07/14 01:36:19
116.55511323,39.78645957,0,190.63350000,0.00000000,4,14,07/14 01:36:20
116.55511301,39.78645872,0,190.63510000,0.00000000,4,14,07/14 01:36:20
116.55511271,39.78645710,0,190.72360000,0.00000000,4,14,07/14 01:36:20
116.55511260,39.78645632,0,190.72950000,0.00000000,4,14,07/14 01:36:20
116.55511218,39.78645478,0,190.66620000,0.00000000,4,14,07/14 01:36:20
116.55511199,39.78645396,0,190.64780000,0.00000000,4,14,07/14 01:36:20
116.55511172,39.78645241,0,190.80880000,0.00000000,4,14,07/14 01:36:21
116.55511152,39.78645161,0,190.70010000,0.00000000,4,14,07/14 01:36:21
116.55511108,39.78645003,0,190.63360000,0.00000000,4,14,07/14 01:36:21
116.55511097,39.78644920,0,190.65750000,0.00000000,4,14,07/14 01:36:21
116.55511070,39.78644770,0,190.82820000,0.00000000,4,15,07/14 01:36:21
116.55511044,39.78644687,0,190.83870000,0.00000000,4,15,07/14 01:36:21
116.55510999,39.78644528,0,190.80480000,0.00000000,4,15,07/14 01:36:21
116.55510985,39.78644453,0,190.69590000,0.00000000,4,15,07/14 01:36:22
116.55510955,39.78644290,0,190.84900000,0.00000000,4,14,07/14 01:36:22
116.55510935,39.78644208,0,190.90850000,0.00000000,4,14,07/14 01:36:22
116.55510909,39.78644046,0,190.89480000,0.00000000,4,14,07/14 01:36:22
116.55510896,39.78643968,0,190.90730000,0.00000000,4,14,07/14 01:36:22
116.55510844,39.78643813,0,190.88730000,0.00000000,4,15,07/14 01:36:22
116.55510817,39.78643730,0,190.94210000,0.00000000,4,15,07/14 01:36:22
116.55510785,39.78643570,0,191.03420000,0.00000000,4,15,07/14 01:36:23
116.55510774,39.78643493,0,190.96710000,0.00000000,4,15,07/14 01:36:23
116.55510733,39.78643339,0,191.09120000,0.00000000,4,15,07/14 01:36:23
116.55510718,39.78643258,0,190.99000000,0.00000000,4,15,07/14 01:36:23
116.55510687,39.78643099,0,190.94890000,0.00000000,4,15,07/14 01:36:23
116.55510666,39.78643021,0,191.12910000,0.00000000,4,15,07/14 01:36:23
116.55510611,39.78642864,0,190.97820000,0.00000000,4,15,07/14 01:36:24
116.55510594,39.78642789,0,190.93640000,0.00000000,4,15,07/14 01:36:24
116.55510565,39.78642630,0,191.01120000,0.00000000,4,15,07/14 01:36:24
116.55510545,39.78642552,0,191.07570000,0.00000000,4,15,07/14 01:36:24
116.55510510,39.78642398,0,191.12450000,0.00000000,4,15,07/14 01:36:24
116.55510493,39.78642316,0,190.58820000,0.00000000,4,15,07/14 01:36:24
116.55510458,39.78642171,0,189.48430000,0.00000000,4,15,07/14 01:36:24
116.55510452,39.78642089,0,186.67950000,0.00000000,4,15,07/14 01:36:25
116.55510443,39.78641940,0,185.00660000,0.00000000,4,15,07/14 01:36:25
116.55510441,39.78641860,0,182.19270000,0.00000000,4,15,07/14 01:36:25
116.55510437,39.78641705,0,180.58540000,0.00000000,4,15,07/14 01:36:25
116.55510447,39.78641634,0,178.14790000,0.00000000,4,15,07/14 01:36:25
116.55510468,39.78641483,0,177.31450000,0.00000000,4,15,07/14 01:36:25
116.55510468,39.78641404,0,175.97110000,0.00000000,4,15,07/14 01:36:25
116.55510489,39.78641249,0,175.37380000,0.00000000,4,15,07/14 01:36:26
116.55510508,39.78641171,0,174.35690000,0.00000000,4,15,07/14 01:36:26
116.55510531,39.78641017,0,173.81390000,0.00000000,4,15,07/14 01:36:26
116.55510541,39.78640936,0,172.77980000,0.00000000,4,15,07/14 01:36:26
116.55510582,39.78640782,0,172.40580000,0.00000000,4,16,07/14 01:36:26
116.55510601,39.78640703,0,171.30660000,0.00000000,4,16,07/14 01:36:26
116.55510637,39.78640549,0,170.56100000,0.00000000,4,16,07/14 01:36:27
116.55510653,39.78640470,0,169.46840000,0.00000000,4,16,07/14 01:36:27
116.55510702,39.78640309,0,169.12300000,0.00000000,4,16,07/14 01:36:27
116.55510722,39.78640230,0,167.93190000,0.00000000,4,16,07/14 01:36:27
116.55510773,39.78640075,0,167.44820000,0.00000000,4,16,07/14 01:36:27
116.55510795,39.78640000,0,166.67360000,0.00000000,4,16,07/14 01:36:27
116.55510852,39.78639843,0,166.14360000,0.00000000,4,16,07/14 01:36:27
116.55510882,39.78639765,0,165.26290000,0.00000000,4,16,07/14 01:36:28
116.55510937,39.78639611,0,164.80910000,0.00000000,4,16,07/14 01:36:28
116.55510972,39.78639538,0,163.97160000,0.00000000,4,16,07/14 01:36:28
116.55511041,39.78639377,0,163.43860000,0.00000000,4,16,07/14 01:36:28
116.55511067,39.78639303,0,162.48840000,0.00000000,4,16,07/14 01:36:28
116.55511136,39.78639154,0,161.92080000,0.00000000,4,16,07/14 01:36:28
116.55511177,39.78639079,0,161.05760000,0.00000000,4,16,07/14 01:36:28
116.55511250,39.78638923,0,160.49190000,0.00000000,4,16,07/14 01:36:29
116.55511283,39.78638845,0,159.72400000,0.00000000,4,16,07/14 01:36:29
116.55511363,39.78638696,0,159.38510000,0.00000000,4,15,07/14 01:36:29
116.55511407,39.78638622,0,158.72080000,0.00000000,4,15,07/14 01:36:29
116.55511485,39.78638476,0,158.21310000,0.00000000,4,15,07/14 01:36:29
116.55511532,39.78638403,0,157.32830000,0.00000000,4,15,07/14 01:36:29
116.55511626,39.78638255,0,156.86380000,0.00000000,4,15,07/14 01:36:30
116.55511670,39.78638180,0,155.70980000,0.00000000,4,15,07/14 01:36:30
116.55511763,39.78638031,0,155.40850000,0.00000000,4,15,07/14 01:36:30
116.55511810,39.78637954,0,154.29280000,0.00000000,4,14,07/14 01:36:30
116.55511906,39.78637809,0,153.63340000,0.00000000,4,14,07/14 01:36:30
116.55511957,39.78637736,0,152.27030000,0.00000000,4,14,07/14 01:36:30
116.55512066,39.78637592,0,151.88220000,0.00000000,4,14,07/14 01:36:30
116.55512123,39.78637523,0,149.80820000,0.00000000,4,14,07/14 01:36:31
116.55512237,39.78637387,0,148.38440000,0.00000000,4,14,07/14 01:36:31
116.55512292,39.78637314,0,143.90880000,0.00000000,4,14,07/14 01:36:31
116.55512417,39.78637181,0,140.99220000,0.00000000,4,14,07/14 01:36:31
116.55512487,39.78637121,0,135.51170000,0.00000000,4,15,07/14 01:36:31
116.55512638,39.78637022,0,132.94640000,0.00000000,4,15,07/14 01:36:31
116.55512718,39.78636975,0,127.60080000,0.00000000,4,14,07/14 01:36:31
116.55512886,39.78636875,0,124.74710000,0.00000000,4,14,07/14 01:36:32
116.55512974,39.78636845,0,119.00620000,0.00000000,4,14,07/14 01:36:32
116.55513169,39.78636779,0,116.48100000,0.00000000,4,14,07/14 01:36:32
116.55513265,39.78636746,0,110.32480000,0.00000000,4,14,07/14 01:36:32
116.55513466,39.78636702,0,107.59610000,0.00000000,4,14,07/14 01:36:32
116.55513561,39.78636685,0,101.57580000,0.00000000,4,14,07/14 01:36:32
116.55513769,39.78636661,0,99.04470000,0.00000000,4,14,07/14 01:36:33
116.55513873,39.78636652,0,92.84670000,0.00000000,4,14,07/14 01:36:33
116.55514084,39.78636654,0,90.62770000,0.00000000,4,14,07/14 01:36:33
116.55514181,39.78636669,0,84.75470000,0.00000000,4,14,07/14 01:36:33
116.55514387,39.78636689,0,82.08040000,0.00000000,4,14,07/14 01:36:33
116.55514488,39.78636699,0,76.38650000,0.00000000,4,14,07/14 01:36:33
116.55514686,39.78636749,0,73.54920000,0.00000000,4,14,07/14 01:36:33
116.55514782,39.78636778,0,67.90820000,0.00000000,4,14,07/14 01:36:34
116.55514967,39.78636849,0,65.12890000,0.00000000,4,13,07/14 01:36:34
116.55515058,39.78636896,0,61.18250000,0.00000000,4,13,07/14 01:36:34
116.55515238,39.78636953,0,58.77400000,0.00000000,4,15,07/14 01:36:34
116.55515327,39.78637002,0,53.53320000,0.00000000,4,15,07/14 01:36:34
116.55515472,39.78637120,0,51.22500000,0.00000000,4,13,07/14 01:36:34
116.55515551,39.78637178,0,46.36670000,0.00000000,4,13,07/14 01:36:34
116.55515700,39.78637288,0,43.64990000,0.00000000,4,13,07/14 01:36:35
116.55515757,39.78637352,0,38.47800000,0.00000000,4,13,07/14 01:36:35
116.55515863,39.78637484,0,35.84510000,0.00000000,4,13,07/14 01:36:35
116.55515922,39.78637554,0,32.70840000,0.00000000,4,13,07/14 01:36:35
116.55516045,39.78637682,0,30.86840000,0.00000000,4,13,07/14 01:36:35
116.55516088,39.78637758,0,26.46790000,0.00000000,4,13,07/14 01:36:35
116.55516154,39.78637895,0,24.01860000,0.00000000,4,13,07/14 01:36:36
116.55516182,39.78637970,0,19.55370000,0.00000000,4,13,07/14 01:36:36
116.55516246,39.78638108,0,17.13860000,0.00000000,4,13,07/14 01:36:36
116.55516259,39.78638167,0,13.00030000,0.00000000,4,13,07/14 01:36:36
116.55516263,39.78638246,0,11.33960000,0.00000000,4,14,07/14 01:36:36
116.55516274,39.78638281,0,9.50480000,0.00000000,4,14,07/14 01:36:36
116.55516295,39.78638346,0,8.72900000,0.00000000,4,14,07/14 01:36:36
116.55516298,39.78638367,0,7.75080000,0.00000000,4,14,07/14 01:36:37
116.55516287,39.78638403,0,7.59730000,0.00000000,4,14,07/14 01:36:37
116.55516293,39.78638412,0,7.20690000,0.00000000,4,14,07/14 01:36:37
116.55516303,39.78638419,0,7.19830000,0.00000000,4,14,07/14 01:36:37
116.55516307,39.78638395,0,7.28270000,0.00000000,4,15,07/14 01:36:37
116.55516313,39.78638387,0,6.88470000,0.00000000,4,16,07/14 01:36:39
116.55516309,39.78638398,0,7.04610000,0.00000000,4,16,07/14 01:36:42
116.55516311,39.78638389,0,6.97550000,0.00000000,4,17,07/14 01:36:45
116.55516309,39.78638380,0,6.71690000,0.00000000,4,17,07/14 01:36:47
116.55516311,39.78638369,0,6.05990000,0.00000000,4,17,07/14 01:36:47
116.55516309,39.78638350,0,5.20730000,0.00000000,4,17,07/14 01:36:48
116.55516303,39.78638332,0,4.36660000,0.00000000,4,17,07/14 01:36:48
116.55516302,39.78638311,0,3.10020000,0.00000000,4,17,07/14 01:36:48
116.55516299,39.78638301,0,2.04040000,0.00000000,4,17,07/14 01:36:48
116.55516300,39.78638277,0,1.41210000,0.00000000,4,17,07/14 01:36:48
116.55516296,39.78638266,0,0.09720000,0.00000000,4,17,07/14 01:36:49
116.55516300,39.78638238,0,359.27260000,0.00000000,4,17,07/14 01:36:49
116.55516301,39.78638224,0,357.56150000,0.00000000,4,17,07/14 01:36:49
116.55516301,39.78638189,0,356.82440000,0.00000000,4,17,07/14 01:36:49
116.55516302,39.78638171,0,354.70370000,0.00000000,4,17,07/14 01:36:49
116.55516301,39.78638132,0,353.89480000,0.00000000,4,17,07/14 01:36:49
116.55516300,39.78638122,0,352.46120000,0.00000000,4,17,07/14 01:36:49
116.55516306,39.78638107,0,352.24440000,0.00000000,4,17,07/14 01:36:50
116.55516307,39.78638091,0,351.34120000,0.00000000,4,16,07/14 01:36:50
116.55516304,39.78638080,0,350.88780000,0.00000000,4,16,07/14 01:36:50
116.55516311,39.78638064,0,350.28380000,0.00000000,4,16,07/14 01:36:50
116.55516311,39.78638052,0,349.50880000,0.00000000,4,16,07/14 01:36:50
116.55516314,39.78638033,0,349.07810000,0.00000000,4,16,07/14 01:36:51
116.55516329,39.78638003,0,347.26420000,0.00000000,4,15,07/14 01:36:51
116.55516331,39.78637990,0,345.90830000,0.00000000,4,15,07/14 01:36:51
116.55516344,39.78637960,0,345.22970000,0.00000000,4,15,07/14 01:36:51
116.55516349,39.78637944,0,343.63970000,0.00000000,4,15,07/14 01:36:51
116.55516361,39.78637911,0,342.83700000,0.00000000,4,15,07/14 01:36:51
116.55516365,39.78637896,0,341.01350000,0.00000000,4,15,07/14 01:36:52
116.55516387,39.78637860,0,339.91580000,0.00000000,4,15,07/14 01:36:52
116.55516394,39.78637839,0,337.77870000,0.00000000,4,15,07/14 01:36:52
116.55516419,39.78637803,0,336.76320000,0.00000000,4,15,07/14 01:36:52
116.55516433,39.78637781,0,334.66480000,0.00000000,4,15,07/14 01:36:52
116.55516463,39.78637726,0,333.30360000,0.00000000,4,16,07/14 01:36:52
116.55516477,39.78637704,0,330.16900000,0.00000000,4,16,07/14 01:36:52
116.55516514,39.78637648,0,328.70340000,0.00000000,4,16,07/14 01:36:53
116.55516534,39.78637628,0,325.69780000,0.00000000,4,16,07/14 01:36:53
116.55516584,39.78637579,0,324.40810000,0.00000000,4,15,07/14 01:36:53
116.55516601,39.78637555,0,320.99340000,0.00000000,4,15,07/14 01:36:53
116.55516630,39.78637514,0,320.07010000,0.00000000,4,15,07/14 01:36:53
116.55516649,39.78637501,0,318.38110000,0.00000000,4,15,07/14 01:36:53
116.55516679,39.78637482,0,317.77230000,0.00000000,4,14,07/14 01:36:54
116.55516687,39.78637471,0,317.62180000,0.00000000,4,14,07/14 01:36:54
116.55516702,39.78637441,0,317.65060000,0.00000000,4,13,07/14 01:36:54
116.55516717,39.78637432,0,316.59150000,0.00000000,4,13,07/14 01:36:54
116.55516760,39.78637407,0,315.35960000,0.00000000,4,13,07/14 01:36:54
116.55516785,39.78637394,0,313.46820000,0.00000000,4,13,07/14 01:36:54
116.55516841,39.78637341,0,312.28110000,0.00000000,4,12,07/14 01:36:54
116.55516874,39.78637318,0,309.05980000,0.00000000,4,12,07/14 01:36:55
116.55516955,39.78637273,0,307.30520000,0.00000000,4,12,07/14 01:36:55
116.55516996,39.78637252,0,303.68820000,0.00000000,4,12,07/14 01:36:55
116.55517092,39.78637195,0,301.87760000,0.00000000,4,12,07/14 01:36:55
116.55517135,39.78637173,0,298.14690000,0.00000000,4,12,07/14 01:36:55
116.55517230,39.78637151,0,296.85160000,0.00000000,4,13,07/14 01:36:55
116.55517279,39.78637126,0,294.91360000,0.00000000,4,13,07/14 01:36:55
116.55517380,39.78637089,0,294.83760000,0.00000000,4,13,07/14 01:36:56
116.55517432,39.78637077,0,295.18600000,0.00000000,4,13,07/14 01:36:56
116.55517539,39.78637040,0,295.22580000,0.00000000,4,13,07/14 01:36:56
116.55517592,39.78637020,0,296.10660000,0.00000000,4,13,07/14 01:36:56
116.55517693,39.78636981,0,297.00290000,0.00000000,4,14,07/14 01:36:56
116.55517749,39.78636964,0,298.84900000,0.00000000,4,14,07/14 01:36:56
116.55517850,39.78636922,0,300.03900000,0.00000000,4,14,07/14 01:36:57
116.55517895,39.78636899,0,301.95250000,0.00000000,4,14,07/14 01:36:57
116.55517998,39.78636858,0,302.92640000,0.00000000,4,14,07/14 01:36:57
116.55518047,39.78636832,0,305.17310000,0.00000000,4,14,07/14 01:36:57
116.55518129,39.78636779,0,306.70700000,0.00000000,4,15,07/14 01:36:57
116.55518170,39.78636754,0,309.60130000,0.00000000,4,15,07/14 01:36:57
116.55518249,39.78636702,0,311.11200000,0.00000000,4,15,07/14 01:36:57
116.55518291,39.78636677,0,313.91470000,0.00000000,4,15,07/14 01:36:58
116.55518379,39.78636621,0,315.18050000,0.00000000,4,15,07/14 01:36:58
116.55518419,39.78636595,0,317.93530000,0.00000000,4,15,07/14 01:36:58
116.55518502,39.78636540,0,318.97990000,0.00000000,4,15,07/14 01:36:58
116.55518538,39.78636511,0,321.53060000,0.00000000,4,15,07/14 01:36:58
116.55518607,39.78636446,0,322.96770000,0.00000000,4,15,07/14 01:36:58
116.55518648,39.78636416,0,325.33490000,0.00000000,4,15,07/14 01:36:58
116.55518713,39.78636335,0,326.56350000,0.00000000,4,14,07/14 01:36:59
116.55518746,39.78636304,0,328.83520000,0.00000000,4,14,07/14 01:36:59
116.55518793,39.78636252,0,329.18340000,0.00000000,4,14,07/14 01:36:59
116.55518807,39.78636230,0,329.36200000,0.00000000,4,14,07/14 01:36:59
116.55518826,39.78636195,0,329.70070000,0.00000000,4,14,07/14 01:36:59
116.55518838,39.78636184,0,329.96580000,0.00000000,4,14,07/14 01:36:59
116.55518828,39.78636195,0,329.94110000,0.00000000,4,14,07/14 01:37:00
116.55518823,39.78636205,0,329.94730000,0.00000000,4,14,07/14 01:37:00
116.55518829,39.78636195,0,329.93220000,0.00000000,4,14,07/14 01:37:00
116.55518834,39.78636186,0,329.80530000,0.00000000,4,16,07/14 01:37:07
116.55518840,39.78636179,0,328.96200000,0.00000000,4,16,07/14 01:37:13
116.55518855,39.78636170,0,328.57520000,0.00000000,4,15,07/14 01:37:13
116.55518857,39.78636158,0,328.12460000,0.00000000,4,15,07/14 01:37:13
116.55518865,39.78636151,0,327.56850000,0.00000000,4,14,07/14 01:37:14
116.55518876,39.78636140,0,326.82010000,0.00000000,4,14,07/14 01:37:14
116.55518879,39.78636130,0,325.98010000,0.00000000,4,14,07/14 01:37:15
116.55518889,39.78636124,0,325.36000000,0.00000000,4,14,07/14 01:37:15
116.55518896,39.78636117,0,325.22060000,0.00000000,4,14,07/14 01:37:15
116.55518898,39.78636105,0,324.75480000,0.00000000,4,16,07/14 01:37:15
116.55518909,39.78636100,0,324.02000000,0.00000000,4,16,07/14 01:37:16
116.55518914,39.78636091,0,323.65740000,0.00000000,4,15,07/14 01:37:16
116.55518925,39.78636080,0,322.78570000,0.00000000,4,15,07/14 01:37:16
116.55518929,39.78636072,0,322.55940000,0.00000000,4,15,07/14 01:37:16
116.55518943,39.78636062,0,321.61160000,0.00000000,4,15,07/14 01:37:17
116.55518959,39.78636053,0,320.39150000,0.00000000,4,15,07/14 01:37:17
116.55518974,39.78636023,0,319.07040000,0.00000000,4,14,07/14 01:37:18
116.55519001,39.78636003,0,317.41660000,0.00000000,4,14,07/14 01:37:18
116.55519014,39.78635994,0,316.40710000,0.00000000,4,14,07/14 01:37:18
116.55519033,39.78635971,0,315.68600000,0.00000000,4,13,07/14 01:37:18
116.55519043,39.78635960,0,314.02370000,0.00000000,4,14,07/14 01:37:18
116.55519074,39.78635936,0,313.11840000,0.00000000,4,14,07/14 01:37:18
116.55519096,39.78635923,0,311.07150000,0.00000000,4,14,07/14 01:37:19
116.55519126,39.78635906,0,309.96930000,0.00000000,4,14,07/14 01:37:19
116.55519152,39.78635893,0,307.65790000,0.00000000,4,14,07/14 01:37:19
116.55519185,39.78635873,0,306.51850000,0.00000000,4,14,07/14 01:37:19
116.55519205,39.78635860,0,304.65750000,0.00000000,4,14,07/14 01:37:19
116.55519254,39.78635831,0,303.52620000,0.00000000,4,14,07/14 01:37:19
116.55519275,39.78635826,0,300.81590000,0.00000000,4,14,07/14 01:37:19
116.55519333,39.78635803,0,299.57790000,0.00000000,4,14,07/14 01:37:20
116.55519365,39.78635792,0,296.99820000,0.00000000,4,14,07/14 01:37:20
116.55519416,39.78635765,0,295.50650000,0.00000000,4,14,07/14 01:37:20
116.55519445,39.78635757,0,292.71600000,0.00000000,4,14,07/14 01:37:20
116.55519512,39.78635729,0,291.26810000,0.00000000,4,15,07/14 01:37:20
116.55519548,39.78635722,0,289.06330000,0.00000000,4,15,07/14 01:37:20
116.55519616,39.78635707,0,288.46070000,0.00000000,4,15,07/14 01:37:21
116.55519648,39.78635696,0,287.98420000,0.00000000,4,15,07/14 01:37:21
116.55519719,39.78635679,0,288.63200000,0.00000000,4,15,07/14 01:37:21
116.55519748,39.78635677,0,291.30150000,0.00000000,4,15,07/14 01:37:21
116.55519816,39.78635671,0,292.50670000,0.00000000,4,15,07/14 01:37:21
116.55519844,39.78635659,0,294.88920000,0.00000000,4,15,07/14 01:37:21
116.55519909,39.78635633,0,296.12600000,0.00000000,4,15,07/14 01:37:21
116.55519943,39.78635621,0,298.96480000,0.00000000,4,15,07/14 01:37:22
116.55519998,39.78635601,0,300.26900000,0.00000000,4,14,07/14 01:37:22
116.55520020,39.78635584,0,302.56220000,0.00000000,4,14,07/14 01:37:22
116.55520073,39.78635573,0,303.53260000,0.00000000,4,13,07/14 01:37:22
116.55520097,39.78635556,0,305.96440000,0.00000000,4,14,07/14 01:37:22
116.55520147,39.78635544,0,307.04490000,0.00000000,4,14,07/14 01:37:22
116.55520168,39.78635527,0,308.82840000,0.00000000,4,14,07/14 01:37:22
116.55520206,39.78635503,0,310.08960000,0.00000000,4,13,07/14 01:37:23
116.55520225,39.78635491,0,311.42830000,0.00000000,4,13,07/14 01:37:23
116.55520259,39.78635470,0,312.24930000,0.00000000,4,12,07/14 01:37:23
116.55520273,39.78635454,0,313.84380000,0.00000000,4,12,07/14 01:37:23
116.55520306,39.78635433,0,314.77380000,0.00000000,4,12,07/14 01:37:23
116.55520324,39.78635424,0,315.76180000,0.00000000,4,12,07/14 01:37:23
116.55520353,39.78635404,0,316.42690000,0.00000000,4,13,07/14 01:37:24
116.55520365,39.78635390,0,317.73530000,0.00000000,4,13,07/14 01:37:24
116.55520383,39.78635375,0,318.32890000,0.00000000,4,13,07/14 01:37:24
116.55520373,39.78635382,0,318.62160000,0.00000000,4,14,07/14 01:37:25
116.55520373,39.78635391,0,318.73490000,0.00000000,4,15,07/14 01:37:25
116.55520376,39.78635381,0,318.84030000,0.00000000,4,16,07/14 01:37:27
116.55520387,39.78635376,0,318.39890000,0.00000000,4,15,07/14 01:37:34
116.55520381,39.78635385,0,318.33400000,0.00000000,4,15,07/14 01:37:39
116.55520377,39.78635376,0,318.34590000,0.00000000,4,16,07/14 01:37:41
116.55520378,39.78635385,0,319.01000000,0.00000000,4,16,07/14 01:37:54
